            0      7.591131e-08  
         0.05       0.006087696  
          0.1        0.01068031  
         0.15        0.01644907  
          0.2        0.02266503  
         0.25         0.0279591  
          0.3        0.03285344  
         0.35        0.03937355  
          0.4        0.04534203  
         0.45        0.05044477  
          0.5        0.05611996  
         0.55        0.06271658  
          0.6        0.06883336  
         0.65        0.07432752  
          0.7        0.08002458  
         0.75        0.08698604  
          0.8        0.09377797  
         0.85        0.09974366  
          0.9         0.1049151  
            1         0.1198396  
         1.05         0.1268369  
          1.1         0.1329461  
         1.15         0.1390644  
          1.2         0.1470974  
         1.25         0.1549672  
          1.3         0.1625394  
         1.35         0.1694755  
          1.4         0.1752715  
         1.45         0.1837845  
          1.5         0.1923523  
         1.55         0.2008495  
          1.6         0.2091159  
         1.65         0.2167416  
          1.7           0.22285  
         1.75         0.2319172  
          1.8         0.2406811  
         1.85         0.2493365  
          1.9          0.257542  
         1.95           0.26536  
            2         0.2717372  
         2.05         0.2805552  
          2.1         0.2892318  
         2.15         0.2977933  
          2.2         0.3059277  
         2.25         0.3136488  
          2.3         0.3208306  
         2.35         0.3296854  
          2.4         0.3382555  
         2.45         0.3466762  
          2.5         0.3546684  
         2.55         0.3622963  
          2.6         0.3707761  
         2.65         0.3794834  
          2.7         0.3878211  
         2.75         0.3961511  
          2.8         0.4040956  
         2.85          0.412788  
          2.9         0.4213241  
         2.95         0.4297763  
            3         0.4382094  
         3.05         0.4466675  
          3.1         0.4553052  
         3.15         0.4635318  
          3.2         0.4681316  
         3.25         0.4726614  
          3.3         0.4772745  
         3.35          0.481783  
          3.4         0.4864077  
          3.5          0.495531  
         3.55         0.5000216  
          3.6         0.5046334  
         3.65         0.5091103  
          3.7         0.5137123  
         3.75         0.5181746  
          3.8         0.5227605  
         3.85         0.5271939  
          3.9         0.5317627  
            4         0.5407129  
         4.05         0.5450685  
          4.1         0.5495853  
         4.15         0.5539042  
          4.2           0.55834  
         4.25         0.5626258  
          4.3          0.567002  
         4.35         0.5712918  
          4.4         0.5756076  
         4.45         0.5799055  
          4.5         0.5841506  
         4.55         0.5884604  
          4.6         0.5926261  
         4.65         0.5969503  
          4.7         0.6010611  
         4.75         0.6053616  
          4.8         0.6095006  
         4.85         0.6136901  
          4.9         0.6178609  
         4.95         0.6219378  
            5         0.6261431  
         5.05         0.6301258  
          5.1         0.6343411  
         5.15           0.63836  
          5.2         0.6424503  
         5.25         0.6465056  
          5.3         0.6504786  
         5.35         0.6545705  
          5.4         0.6584417  
         5.45         0.6625686  
         5.55         0.6705097  
          5.6         0.6742702  
         5.65         0.6783998  
         5.75         0.6862439  
          5.8         0.6899846  
         5.85         0.6940365  
          5.9         0.6978597  
         5.95         0.7017296  
            6         0.7056933  
         6.05         0.7092564  
          6.1         0.7134061  
         6.15         0.7172303  
          6.2         0.7208399  
         6.25         0.7249693  
          6.3         0.7287518  
         6.35         0.7322772  
          6.4         0.7364352  
         6.45         0.7403047  
          6.5         0.7437605  
         6.55         0.7477439  
          6.6         0.7517475  
         6.65         0.7555262  
          6.7         0.7588181  
         6.75         0.7629576  
          6.8         0.7669733  
         6.85         0.7708114  
          6.9         0.7742407  
         6.95         0.7779873  
            7         0.7820981  
         7.05         0.7860279  
          7.1         0.7897944  
         7.15         0.7931705  
          7.2         0.7968178  
         7.25          0.800914  
          7.3           0.80485  
         7.35         0.8086865  
          7.4          0.812358  
         7.45         0.8156253  
          7.5         0.8193537  
         7.55         0.8234845  
          7.6         0.8274684  
         7.65          0.831359  
          7.7         0.8351497  
         7.75         0.8387385  
          7.8         0.8418624  
         7.85         0.8460191  
          7.9         0.8501353  
         7.95         0.8541358  
            8          0.858068  
         8.05         0.8619393  
          8.1         0.8657253  
         8.15         0.8693408  
          8.2         0.8726584  
         8.25         0.8766557  
          8.3         0.8807976  
         8.35         0.8848596  
          8.4         0.8888785  
         8.45         0.8928684  
          8.5          0.896825  
         8.55          0.900733  
          8.6         0.9045538  
         8.65         0.9082116  
          8.7         0.9119297  
         8.75         0.9160518  
          8.8         0.9201116  
         8.85         0.9241391  
          8.9         0.9281468  
         8.95         0.9321429  
            9         0.9361314  
         9.05         0.9401115  
          9.1         0.9440701  
         9.15         0.9480146  
          9.2         0.9519454  
         9.25         0.9558778  
          9.3         0.9597999  
         9.35         0.9637297  
          9.4         0.9676648  
         9.45         0.9716031  
          9.5         0.9755011  
         9.55         0.9793952  
          9.6         0.9832962  
         9.65         0.9872172  
          9.7         0.9911573  
         9.75         0.9951245  
          9.8         0.9991384  
         9.85          1.003231  
          9.9          1.007433  
         9.95           1.01159  
           10          1.014827  
        10.05          1.018142  
         10.1          1.021526  
        10.15          1.024967  
         10.2          1.028461  
        10.25          1.032007  
         10.3           1.03558  
        10.35          1.039088  
         10.4          1.042625  
        10.45          1.046185  
         10.5          1.049778  
        10.55           1.05346  
         10.6           1.05722  
        10.65           1.06108  
         10.7          1.065083  
        10.75          1.069287  
         10.8          1.073704  
        10.85          1.076087  
         10.9          1.078299  
        10.95          1.080522  
           11          1.082745  
        11.05          1.084952  
         11.1          1.087133  
        11.15          1.089291  
         11.2           1.09142  
        11.25          1.093521  
         11.3          1.095605  
        11.35          1.097689  
         11.4          1.099792  
        11.45          1.101937  
         11.5          1.104149  
        11.55          1.106466  
         11.6          1.108922  
        11.65          1.111555  
         11.7          1.113894  
        11.75          1.116173  
         11.8          1.118536  
        11.85           1.12098  
         11.9          1.123518  
        11.95          1.126279  
           12          1.129483  
        12.05          1.132691  
         12.1          1.134402  
        12.15          1.132967  
         12.2          1.131123  
        12.25          1.129039  
         12.3          1.126869  
        12.35          1.124652  
         12.4            1.1224  
        12.45          1.120123  
         12.5          1.117837  
        12.55          1.115529  
         12.6           1.11318  
        12.65          1.110778  
         12.7          1.108306  
        12.75           1.10576  
         12.8          1.103122  
        12.85          1.100386  
         12.9          1.097548  
        12.95          1.094594  
           13          1.091521  

