-5.027
-5.047
-4.934
-4.892
-4.923
-5.078
-5.047
-5.027
-5.047
-5.006
-4.934
-4.913
-4.902
-4.768
-4.965
-4.944
-5.089
-5.037
-4.944
-4.975
-4.913
-4.840
-4.882
-4.923
-4.996
-5.037
-4.954
-4.923
-4.664
-4.851
-4.882
-4.923
-4.996
-4.975
-5.016
-4.768
-4.944
-4.871
-4.871
-4.871
-4.923
-4.965
-5.006
-4.954
-4.954
-4.892
-4.809
-4.913
-4.840
-4.985
-4.954
-4.954
-4.954
-4.902
-4.716
-4.851
-4.861
-4.913
-4.944
-5.037
-5.006
-4.985
-4.965
-4.892
-4.861
-4.892
-4.985
-4.996
-5.027
-4.954
-5.037
-4.892
-4.871
-4.861
-4.923
-4.985
-5.058
-5.058
-4.944
-4.965
-4.851
-4.830
-4.913
-4.944
-4.975
-5.027
-4.975
-4.778
-4.861
-4.902
-4.820
-5.006
-5.027
-5.016
-4.996
-4.944
-4.882
-4.882
-4.892
-4.892
-4.944
-4.985
-5.016
-4.996
-4.965
-4.882
-4.975
-4.882
-4.902
-4.923
-4.985
-5.006
-4.965
-4.913
-4.913
-4.882
-4.934
-5.037
-4.954
-5.151
-5.047
-4.944
-4.934
-4.851
-4.882
-4.851
-4.902
-4.985
-4.975
-4.954
-4.882
-4.861
-4.820
-4.840
-4.934
-4.934
-5.027
-4.965
-4.902
-4.820
-4.820
-4.830
-4.871
-4.902
-4.871
-4.975
-4.944
-4.809
-4.747
-4.820
-4.654
-4.809
-5.027
-4.902
-4.934
-4.944
-4.840
-4.820
-4.809
-4.799
-4.840
-4.913
-5.027
-4.954
-4.882
-4.757
-4.757
-4.820
-4.809
-4.851
-4.882
-4.975
-4.944
-4.882
-4.820
-4.934
-4.809
-4.944
-4.861
-4.861
-4.882
-4.902
-4.830
-4.840
-4.747
-4.778
-4.830
-4.840
-4.892
-4.934
-4.934
-4.861
-4.830
-4.809
-4.757
-4.840
-4.871
-4.902
-4.934
-4.902
-4.809
-4.820
-4.685
-4.778
-4.809
-4.830
-4.861
-4.934
-4.934
-4.799
-4.820
-4.820
-4.716
-4.830
-4.851
-4.840
-4.954
-4.882
-4.851
-4.809
-4.789
-4.934
-4.799
-4.820
-4.954
-4.923
-4.913
-4.768
-4.809
-4.778
-4.768
-4.789
-4.830
-4.871
-4.778
-4.882
-4.820
-4.789
-4.768
-4.799
-4.840
-4.789
-4.861
-4.892
-4.882
-4.778
-4.747
-4.757
-4.757
-4.840
-4.820
-4.871
-4.923
-4.851
-4.820
-4.716
-4.726
-4.695
-4.768
-4.726
-4.830
-4.944
-4.882
-4.820
-4.778
-4.799
-4.737
-4.913
-4.840
-4.840
-4.892
-4.820
-4.820
-4.747
-4.747
-4.799
-4.820
-4.830
-4.913
-4.913
-4.871
-4.809
-4.778
-4.747
-4.706
-4.768
-4.768
-4.768
-4.944
-4.861
-4.768
-4.799
-4.768
-4.768
-4.799
-4.840
-4.892
-4.882
-4.954
-4.768
-4.789
-4.789
-4.820
-4.840
-4.830
-4.902
-4.934
-4.871
-4.851
-4.789
-4.799
-4.861
-4.830
-4.851
-4.954
-5.068
-4.871
-4.944
-4.840
-4.789
-4.830
-4.861
-4.913
-4.954
-4.965
-4.923
-4.861
-4.840
-4.747
-4.820
-4.851
-5.006
-5.068
-4.996
-4.871
-4.902
-4.830
-4.695
-4.861
-4.892
-4.944
-4.985
-4.923
-4.882
-4.799
-4.778
-4.861
-4.975
-4.923
-4.985
-4.954
-4.944
-4.871
-4.851
-4.871
-4.799
-4.882
-4.944
-4.965
-4.851
-4.820
-4.830
-4.923
-4.954
-4.892
-4.944
-4.996
-4.985
-4.934
-4.882
-4.840
-4.882
-4.871
-4.882
-4.913
-4.799
-4.954
-4.820
-4.675
-4.851
-4.768
-4.892
-4.923
-4.965
-4.996
-4.975
-4.892
-4.820
-4.830
-4.944
-4.840
-4.923
-4.944
-4.975
-4.892
-4.902
-4.840
-4.923
-4.851
-4.913
-4.882
-5.037
-4.944
-4.871
-4.882
-4.840
-4.861
-4.913
-4.923
-4.954
-4.985
-4.954
-4.882
-4.685
-4.985
-4.820
-4.923
-4.882
-5.037
-5.016
-4.757
-4.892
-4.830
-4.840
-4.892
-4.923
-4.944
-5.006
-4.965
-4.892
-4.871
-4.861
-4.851
-4.965
-4.996
-5.037
-4.996
-4.975
-4.954
-4.923
-4.902
-4.851
-4.902
-4.954
-4.975
-5.037
-4.923
-4.737
-4.861
-4.861
-4.913
-4.965
-4.985
-5.016
-4.975
-4.902
-4.851
-4.840
-4.840
-4.892
-4.882
-4.965
-4.975
-4.706
-4.871
-4.913
-4.902
-4.820
-4.892
-4.902
-4.965
-4.975
-4.913
-4.820
-4.944
-4.809
-4.861
-4.985
-4.902
-4.944
-5.016
-4.975
-4.830
-4.861
-4.830
-4.902
-4.892
-4.954
-4.965
-4.954
-4.830
-4.861
-4.789
-4.923
-4.975
-4.913
-5.006
-4.975
-4.944
-4.809
-4.840
-4.820
-4.840
-4.892
-4.965
-4.996
-4.954
-4.726
-4.820
-4.820
-4.892
-4.882
-4.861
-4.913
-4.913
-4.934
-4.778
-4.820
-4.820
-4.757
-4.892
-4.882
-4.871
-5.006
-5.006
-4.913
-4.851
-4.830
-4.830
-4.861
-4.882
-4.954
-4.954
-4.934
-4.809
-4.840
-4.685
-4.799
-4.944
-4.923
-4.975
-4.996
-4.902
-4.902
-4.789
-4.861
-4.861
-4.871
-4.934
-4.996
-4.944
-4.871
-4.861
-4.840
-4.871
-4.685
-4.902
-4.934
-5.016
-4.913
-4.934
-4.871
-4.830
-4.840
-4.882
-4.892
-4.985
-5.006
-4.985
-4.882
-4.809
-4.820
-4.861
-4.954
-4.965
-5.006
-4.985
-4.913
-4.996
-4.851
-4.892
-4.809
-4.965
-4.996
-5.161
-4.809
-4.840
-4.871
-4.902
-4.934
-4.944
-5.016
-5.068
-5.078
-4.934
-4.944
-4.954
-4.965
-4.965
-4.985
-5.120
-5.078
-4.985
-4.923
-5.006
-4.944
-4.975
-4.996
-5.110
-5.058
-5.037
-4.996
-4.934
-4.944
-4.985
-4.954
-5.016
-5.058
-5.027
-5.078
-4.954
-4.934
-4.965
-4.975
-5.006
-5.110
-4.965
-5.099
-5.016
-5.006
-4.965
-5.037
-5.006
-5.078
-5.099
-5.047
-4.985
-5.047
-4.871
-5.027
-5.047
-5.078
-5.182
-5.078
-5.047
-4.944
-5.006
-4.975
-4.985
-5.151
-5.120
-5.078
-5.037
-4.944
-4.954
-4.996
-5.027
-5.110
-5.110
-5.172
-5.006
-5.037
-4.985
-4.954
-5.016
-5.058
-5.110
-5.120
-5.078
-4.996
-4.985
-4.985
-5.006
-5.047
-5.047
-5.099
-5.120
-5.037
-4.965
-4.975
-5.006
-5.047
-5.047
-5.161
-5.027
-5.037
-4.954
-4.996
-5.099
-5.058
-5.027
-5.203
-5.110
-4.996
-4.934
-4.985
-5.027
-5.089
-5.099
-5.130
-5.006
-5.078
-4.965
-4.954
-4.975
-5.047
-5.110
-5.151
-5.120
-5.016
-5.006
-4.996
-4.882
-5.006
-5.120
-5.337
-5.110
-5.047
-5.016
-5.016
-4.954
-5.058
-5.068
-5.130
-5.089
-5.027
-5.006
-4.954
-4.789
-5.006
-5.027
-5.058
-5.161
-5.068
-5.027
-4.871
-5.027
-5.006
-5.058
-5.161
-5.130
-5.068
-4.954
-4.985
-4.975
-5.130
-4.996
-5.110
-5.151
-5.016
-5.037
-5.016
-4.954
-5.006
-5.058
-5.099
-5.244
-4.965
-5.047
-4.965
-5.006
-4.996
-4.996
-5.058
-4.944
-5.151
-5.037
-4.975
-4.789
-4.985
-5.016
-5.078
-5.120
-5.234
-5.027
-5.078
-4.985
-4.975
-4.985
-5.058
-5.120
-5.151
-5.058
-4.985
-4.934
-4.985
-4.985
-5.099
-5.089
-5.099
-5.120
-4.975
-4.965
-4.923
-4.954
-5.058
-5.068
-5.130
-5.068
-5.016
-5.006
-4.954
-5.047
-5.047
-4.820
-5.151
-5.027
-5.006
-4.954
-4.985
-5.037
-5.027
-5.089
-5.161
-5.099
-5.047
-5.151
-5.006
-4.965
-4.913
-5.058
-5.089
-5.120
-4.996
-5.047
-5.016
-4.965
-5.027
-5.047
-5.120
-5.110
-5.078
-5.006
-4.975
-4.965
-5.058
-5.006
-5.099
-5.078
-5.027
-4.965
-5.006
-4.996
-4.954
-5.058
-5.089
-5.255
-4.871
-5.089
-4.944
-4.996
-5.006
-4.985
-5.089
-5.223
-5.120
-5.027
-5.037
-5.027
-5.027
-5.172
-5.213
-5.120
-5.078
-4.975
-4.996
-4.996
-5.006
-5.016
-5.089
-5.089
-5.078
-5.089
-4.944
-5.027
-5.027
-5.016
-5.141
-5.203
-5.089
-5.078
-5.006
-4.965
-5.006
-5.130
-5.027
-5.130
-5.192
-4.996
-5.006
-4.996
-4.965
-5.068
-5.068
-5.182
-5.130
-5.037
-5.037
-4.996
-5.027
-4.985
-5.089
-5.130
-5.089
-5.068
-5.016
-4.985
-5.037
-5.037
-5.099
-5.078
-5.130
-5.058
-5.016
-4.996
-4.975
-5.027
-4.985
-5.151
-5.172
-5.058
-4.996
-4.996
-5.027
-5.068
-4.985
-5.120
-5.089
-5.058
-5.099
-4.996
-4.985
-4.923
-5.047
-5.120
-5.110
-5.099
-5.099
-5.068
-4.985
-4.954
-5.068
-5.089
-5.120
-5.120
-5.027
-4.985
-4.985
-5.047
-5.037
-5.192
-5.141
-5.141
-5.078
-4.944
-4.985
-4.985
-5.141
-5.110
-5.099
-5.151
-5.047
-4.965
-4.975
-4.996
-5.037
-5.089
-5.130
-5.078
-5.078
-4.996
-4.954
-4.975
-5.047
-5.006
-5.151
-5.151
-5.047
-5.037
-4.985
-5.047
-4.985
-5.089
-5.151
-5.099
-5.110
-4.965
-4.944
-5.027
-4.996
-5.089
-5.130
-5.110
-5.161
-5.016
-4.913
-5.006
-4.996
-5.058
-5.110
-5.141
-5.058
-5.068
-4.975
-4.965
-5.027
-5.058
-4.902
-5.099
-5.203
-5.016
-5.006
-4.965
-4.923
-5.078
-5.058
-5.099
-5.130
-5.089
-4.944
-4.944
-4.965
-5.006
-5.027
-5.089
-5.151
-5.203
-5.047
-4.965
-4.934
-4.965
-5.006
-5.078
-5.141
-5.047
-5.047
-4.892
-4.934
-4.985
-4.778
-5.058
-5.110
-5.120
-5.120
-4.996
-4.954
-4.954
-4.975
-5.006
-5.110
-5.120
-4.975
-4.996
-5.068
-5.006
-4.996
-4.954
-5.058
-5.078
-5.047
-4.985
-4.934
-4.902
-4.944
-5.037
-4.840
-5.058
-5.078
-4.985
-4.747
-4.965
-4.944
-4.954
-4.923
-5.058
-5.089
-4.975
-4.954
-4.965
-5.089
-4.975
-4.996
-5.120
-5.027
-5.172
-4.934
-4.965
-4.923
-4.923
-5.047
-5.016
-5.099
-5.068
-4.934
-4.985
-5.027
-4.944
-5.006
-4.871
-5.058
-5.027
-5.027
-4.965
-4.654
-4.975
-4.954
-5.016
-5.058
-5.027
-4.985
-4.996
-4.923
-4.985
-4.954
-4.965
-5.006
-5.120
-5.058
-5.016
-4.944
-5.016
-4.996
-5.037
-5.058
-5.141
-5.078
-5.027
-5.016
-4.934
-5.016
-5.006
-5.047
-5.037
-5.130
-5.027
-4.965
-4.954
-4.944
-5.006
-5.016
-5.099
-5.110
-5.068
-4.654
-4.830
-4.985
-5.016
-4.996
-5.172
-5.078
-5.120
-5.047
-4.985
-4.965
-4.996
-4.809
-5.141
-5.110
-4.913
-5.047
-4.954
-5.027
-5.068
-4.954
-5.068
-5.182
-5.120
-5.016
-5.027
-4.954
-4.996
-5.089
-5.078
-5.213
-5.089
-4.809
-4.902
-4.985
-4.913
-5.037
-5.068
-5.151
-5.099
-5.089
-4.954
-4.965
-5.027
-5.037
-5.068
-5.141
-5.120
-5.058
-4.996
-5.006
-4.996
-5.016
-4.985
-5.244
-5.182
-5.099
-4.985
-4.996
-4.975
-5.006
-4.975
-5.141
-5.110
-5.099
-5.047
-4.985
-5.006
-5.027
-5.058
-4.913
-5.265
-5.089
-5.027
-4.954
-5.047
-4.975
-5.089
-5.120
-5.172
-5.047
-5.058
-5.037
-5.027
-4.954
-5.110
-5.141
-5.151
-5.120
-4.985
-5.047
-4.944
-5.037
-5.058
-5.110
-5.089
-5.151
-5.006
-5.078
-5.110
-5.078
-5.110
-5.192
-5.151
-5.078
-5.058
-5.037
-5.006
-5.027
-5.213
-5.047
-5.192
-5.172
-5.058
-4.975
-5.037
-5.047
-5.078
-5.099
-5.348
-5.141
-5.110
-4.985
-5.016
-5.047
-5.078
-5.141
-5.120
-5.099
-5.089
-5.016
-5.037
-5.037
-5.078
-5.213
-5.192
-5.192
-5.058
-5.047
-5.006
-4.996
-5.068
-5.141
-5.141
-5.130
-5.058
-5.016
-5.047
-4.985
-5.027
-5.099
-5.203
-5.172
-5.099
-5.027
-5.172
-5.006
-5.110
-5.089
-5.182
-5.151
-5.120
-5.078
-5.006
-5.037
-5.027
-5.099
-5.275
-5.130
-5.120
-5.037
-5.006
-5.016
-5.027
-5.120
-5.161
-5.130
-5.120
-5.006
-4.954
-4.975
-5.078
-5.151
-5.120
-5.223
-5.078
-5.068
-5.027
-4.954
-5.089
-5.120
-5.161
-5.161
-5.089
-4.985
-4.996
-5.058
-5.058
-5.078
-5.151
-5.172
-5.141
-5.068
-5.027
-5.078
-5.027
-5.255
-5.130
-5.286
-5.058
-5.078
-5.016
-5.058
-5.068
-5.068
-5.203
-5.182
-5.089
-5.016
-5.047
-5.078
-5.068
-5.058
-5.110
-5.130
-5.110
-5.151
-5.027
-4.985
-4.965
-5.130
-5.203
-5.110
-5.089
-5.089
-5.078
-5.047
-5.120
-5.037
-5.234
-5.244
-5.078
-5.037
-4.996
-5.068
-5.047
-5.078
-5.244
-5.161
-5.068
-5.016
-5.047
-4.975
-5.141
-5.244
-5.172
-5.161
-5.078
-5.037
-5.016
-5.027
-5.006
-5.068
-5.192
-5.172
-5.089
-5.037
-4.954
-4.985
-5.058
-5.089
-5.182
-5.120
-5.027
-5.068
-4.965
-4.975
-4.996
-5.110
-5.068
-5.141
-4.892
-4.985
-5.006
-4.965
-5.037
-5.068
-5.099
-5.099
-5.089
-4.965
-4.954
-5.006
-4.975
-5.016
-5.058
-5.120
-5.182
-4.954
-4.985
-4.789
-4.902
-5.037
-5.141
-5.089
-5.058
-5.006
-4.965
-4.985
-5.099
-5.027
-5.058
-5.213
-5.120
-5.027
-4.954
-4.934
-4.975
-4.840
-5.058
-5.172
-5.141
-5.078
-5.006
-5.047
-4.975
-5.047
-5.275
-5.172
-5.172
-5.110
-4.996
-4.954
-4.975
-4.985
-5.058
-5.130
-5.161
-5.089
-5.089
-5.027
-4.996
-4.882
-5.161
-5.192
-5.078
-5.120
-5.151
-5.006
-5.006
-4.985
-5.047
-5.141
-5.172
-5.172
-5.027
-4.975
-5.078
-5.047
-5.047
-5.151
-5.172
-5.203
-5.027
-5.037
-4.985
-5.006
-5.068
-5.110
-5.192
-5.099
-5.037
-5.213
-5.078
-5.027
-5.058
-5.089
-5.120
-5.120
-4.996
-4.975
-5.016
-5.047
-5.037
-5.141
-5.192
-5.213
-4.830
-5.058
-4.944
-5.172
-5.037
-5.089
-5.317
-5.099
-5.037
-5.006
-4.996
-4.985
-5.027
-5.110
-5.141
-5.078
-5.058
-5.037
-5.037
-4.965
-4.985
-5.130
-5.120
-5.099
-5.006
-5.016
-4.954
-4.954
-5.027
-4.892
-5.099
-5.130
-5.099
-5.027
-4.965
-4.965
-5.058
-5.037
-5.078
-5.130
-4.913
-4.975
-4.934
-4.944
-5.130
-5.027
-5.099
-5.151
-5.078
-4.996
-4.985
-4.954
-4.996
-5.068
-5.068
-5.099
-5.120
-4.996
-4.954
-5.068
-4.799
-5.037
-4.996
-5.068
-5.058
-4.985
-5.006
-4.965
-4.954
-4.902
-4.996
-5.099
-5.027
-5.047
-5.006
-4.944
-4.975
-4.965
-4.944
-5.016
-5.016
-5.058
-4.944
-4.934
-4.913
-4.892
-4.965
-4.985
-4.778
-4.985
-5.151
-4.965
-4.851
-4.923
-4.923
-4.975
-4.820
-5.027
-4.985
-4.985
-4.871
-4.871
-4.840
-4.820
-4.944
-5.037
-5.068
-4.954
-4.871
-4.902
-4.820
-4.902
-4.882
-4.965
-5.047
-4.985
-4.954
-5.099
-4.778
-4.851
-4.851
-4.882
-4.975
-4.934
-4.913
-4.664
-4.737
-4.861
-4.830
-4.913
-4.892
-5.037
-5.110
-5.016
-4.830
-4.768
-4.799
-4.902
-4.861
-4.892
-5.068
-4.996
-4.913
-4.861
-4.799
-4.830
-4.664
-4.913
-4.902
-5.099
-4.871
-4.861
-4.861
-4.851
-4.799
-4.851
-4.747
-4.944
-4.996
-4.944
-4.799
-4.861
-4.706
-4.882
-4.923
-4.902
-4.902
-4.934
-4.820
-4.861
-4.747
-4.799
-4.799
-4.830
-4.871
-4.913
-4.913
-4.799
-4.840
-4.799
-4.809
-4.778
-4.840
-4.840
-4.913
-4.944
-4.892
-4.757
-4.789
-4.809
-4.809
-4.820
-4.882
-4.840
-4.892
-4.840
-4.726
-4.830
-4.778
-4.737
-4.840
-4.871
-4.902
-4.913
-4.820
-4.820
-4.820
-4.747
-4.789
-4.902
-4.851
-4.861
-4.892
-4.861
-4.799
-4.768
-4.747
-4.799
-4.799
-4.830
-4.902
-5.099
-4.892
-4.851
-4.654
-4.675
-4.747
-4.789
-4.882
-4.934
-4.882
-4.882
-4.820
-4.851
-4.768
-4.778
-4.923
-4.851
-4.840
-4.892
-4.871
-4.809
-4.747
-4.768
-4.747
-4.768
-4.840
-4.913
-4.934
-4.840
-4.789
-4.809
-4.778
-4.726
-4.695
-4.799
-4.913
-4.799
-4.685
-4.799
-4.644
-4.737
-4.768
-4.778
-4.799
-4.892
-4.830
-4.747
-4.778
-4.447
-4.757
-4.830
-4.747
-4.830
-4.789
-4.913
-4.840
-4.861
-4.737
-4.737
-4.737
-4.747
-4.768
-4.871
-4.923
-4.892
-4.799
-4.737
-4.768
-4.716
-4.778
-4.778
-4.851
-4.882
-4.830
-4.789
-4.685
-4.768
-4.737
-4.799
-4.799
-4.820
-4.851
-4.913
-4.820
-4.799
-4.757
-4.892
-4.789
-4.840
-4.871
-4.934
-4.840
-4.747
-4.737
-4.726
-4.778
-4.768
-4.809
-5.068
-4.892
-4.902
-4.861
-4.778
-4.820
-4.778
-4.778
-4.923
-4.726
-4.830
-4.902
-4.799
-4.726
-4.768
-4.851
-4.851
-4.934
-4.954
-4.965
-4.923
-4.913
-4.861
-4.892
-4.830
-4.923
-4.944
-4.965
-4.913
-4.892
-4.882
-4.871
-4.882
-4.892
-4.902
-5.016
-5.037
-4.954
-4.965
-4.840
-4.840
-4.934
-4.851
-4.923
-5.047
-4.985
-4.965
-4.882
-4.830
-4.965
-4.902
-4.985
-4.965
-5.058
-4.944
-4.923
-4.923
-4.799
-4.851
-4.934
-4.923
-5.027
-5.006
-4.954
-4.954
-4.892
-4.892
-4.923
-4.861
-5.006
-5.068
-4.975
-4.861
-4.830
-4.851
-4.934
-4.923
-4.975
-5.027
-5.016
-4.985
-4.934
-4.902
-4.871
-5.037
-5.027
-5.037
-5.213
-4.985
-4.934
-4.934
-4.923
-4.902
-4.954
-4.996
-5.068
-5.089
-4.985
-4.913
-4.965
-4.934
-4.913
-5.058
-5.078
-5.089
-4.996
-4.985
-5.037
-4.934
-4.944
-5.089
-5.151
-5.182
-4.934
-4.934
-4.892
-4.954
-4.985
-5.016
-4.996
-5.068
-5.037
-5.047
-4.944
-4.934
-4.954
-4.882
-5.078
-5.037
-5.016
-4.996
-5.068
-4.954
-4.768
-4.985
-4.985
-5.058
-5.089
-5.037
-5.006
-4.934
-4.851
-4.965
-5.006
-5.037
-5.110
-5.047
-5.027
-4.861
-4.954
-4.934
-5.047
-5.006
-5.078
-5.058
-4.996
-4.975
-4.944
-4.871
-5.027
-5.037
-5.006
-5.213
-5.006
-4.954
-4.861
-4.944
-4.944
-4.985
-5.058
-5.058
-5.027
-4.944
-4.985
-5.006
-4.954
-5.058
-5.027
-5.078
-5.120
-4.965
-4.965
-4.747
-4.954
-4.944
-5.037
-5.110
-5.099
-5.058
-5.037
-4.902
-4.965
-4.965
-4.923
-5.068
-5.068
-5.027
-4.975
-4.954
-4.934
-4.996
-5.027
-5.027
-5.068
-5.099
-4.944
-4.944
-4.965
-4.913
-4.985
-4.975
-5.078
-5.058
-4.985
-4.923
-4.923
-4.944
-4.902
-4.996
-5.047
-4.830
-5.068
-4.985
-4.913
-4.902
-4.934
-4.975
-4.996
-5.047
-5.016
-4.934
-4.882
-5.016
-4.882
-5.006
-4.944
-5.047
-5.058
-5.006
-4.923
-4.902
-4.902
-4.882
-4.954
-4.934
-4.975
-4.996
-4.778
-4.882
-4.871
-4.902
-4.913
-5.027
-4.996
-4.985
-4.965
-4.892
-4.861
-4.861
-4.851
-4.892
-4.902
-5.016
-4.954
-4.975
-4.882
-4.892
-4.851
-4.840
-4.913
-4.934
-4.965
-4.902
-4.934
-4.633
-4.778
-4.809
-4.871
-4.985
-4.996
-4.965
-4.913
-4.913
-4.809
-4.830
-4.757
-4.871
-4.913
-4.954
-4.954
-4.871
-4.861
-4.892
-4.861
-4.799
-4.840
-4.954
-4.934
-4.934
-4.902
-4.830
-4.778
-4.830
-4.820
-4.861
-4.861
-4.923
-4.934
-4.882
-4.768
-4.799
-4.789
-4.799
-4.871
-4.882
-4.934
-4.902
-4.851
-4.737
-4.820
-4.706
-4.861
-4.861
-4.892
-4.944
-4.923
-4.809
-4.789
-4.820
-4.799
-4.809
-4.851
-4.902
-4.902
-4.934
-4.820
-4.799
-4.768
-4.768
-4.778
-4.654
-4.882
-4.913
-4.892
-4.840
-4.789
-4.768
-4.789
-4.768
-4.882
-4.882
-4.996
-4.809
-4.789
-4.789
-4.923
-4.809
-4.944
-4.861
-4.913
-4.975
-4.944
-4.851
-4.778
-4.757
-4.851
-4.892
-4.861
-4.851
-4.944
-4.892
-4.892
-4.809
-4.747
-4.809
-4.778
-4.892
-4.923
-4.934
-4.996
-4.902
-4.789
-4.757
-4.768
-4.820
-4.871
-4.861
-4.954
-4.851
-4.809
-4.757
-4.789
-4.809
-4.851
-4.871
-5.068
-4.902
-4.892
-4.799
-4.861
-4.757
-4.778
-4.747
-4.830
-4.902
-4.923
-4.985
-4.820
-4.778
-4.789
-4.840
-4.757
-4.882
-4.913
-4.861
-4.830
-4.799
-4.571
-4.789
-4.799
-4.809
-4.861
-4.923
-4.902
-4.840
-4.830
-4.737
-4.840
-4.799
-4.830
-4.820
-4.934
-4.913
-4.840
-4.789
-4.768
-4.778
-4.747
-4.830
-4.913
-4.944
-4.923
-4.737
-4.737
-4.778
-4.768
-4.789
-4.851
-4.871
-4.913
-4.923
-4.840
-4.789
-4.757
-4.840
-4.768
-4.851
-4.830
-4.882
-4.882
-4.809
-4.871
-4.726
-4.757
-4.789
-4.861
-4.861
-4.892
-4.934
-4.892
-4.706
-4.871
-4.726
-4.809
-4.830
-4.789
-4.944
-4.871
-4.851
-4.778
-4.851
-4.757
-4.789
-4.861
-4.913
-4.913
-4.913
-4.799
-4.820
-4.737
-4.726
-4.778
-4.561
-4.923
-4.913
-4.830
-4.830
-4.830
-4.747
-4.706
-4.768
-4.851
-4.882
-4.923
-4.675
-4.809
-4.820
-4.768
-4.757
-4.799
-4.851
-4.913
-4.902
-4.902
-4.561
-4.902
-4.757
-4.809
-4.799
-4.830
-4.923
-4.996
-4.913
-4.820
-4.789
-4.809
-4.809
-4.809
-4.830
-4.871
-4.923
-4.830
-4.789
-4.778
-4.840
-4.768
-4.809
-4.851
-4.954
-4.975
-4.902
-4.820
-4.799
-4.747
-4.789
-4.892
-4.851
-4.851
-4.747
-4.861
-4.768
-4.861
-4.789
-4.778
-4.965
-4.902
-4.913
-4.954
-4.871
-4.768
-4.809
-4.778
-4.778
-4.902
-4.851
-4.882
-4.934
-4.840
-4.820
-4.789
-4.799
-4.768
-4.965
-4.996
-4.985
-4.944
-4.871
-4.799
-4.768
-4.716
-4.726
-4.851
-4.851
-4.923
-4.892
-4.840
-4.789
-4.757
-4.789
-4.799
-4.871
-4.871
-4.882
-4.892
-4.840
-4.747
-4.737
-4.768
-4.675
-4.861
-4.851
-4.913
-4.892
-4.861
-4.820
-4.726
-4.737
-4.726
-4.789
-4.799
-4.871
-4.861
-4.820
-4.757
-4.747
-4.737
-4.768
-4.820
-4.789
-4.851
-4.913
-4.851
-4.737
-4.747
-4.768
-4.757
-4.789
-4.820
-4.892
-4.882
-4.809
-4.768
-4.716
-4.747
-4.809
-4.726
-4.830
-4.851
-4.726
-4.778
-4.778
-4.789
-4.747
-4.778
-4.809
-4.840
-4.996
-4.892
-4.799
-4.799
-4.695
-4.747
-4.747
-4.757
-4.851
-4.913
-4.892
-4.840
-4.799
-4.519
-4.685
-4.726
-4.789
-4.892
-5.099
-4.892
-4.840
-4.799
-4.675
-4.809
-4.892
-4.799
-4.851
-4.913
-4.934
-4.851
-4.830
-4.768
-4.778
-4.789
-4.871
-4.840
-4.913
-4.892
-4.861
-4.799
-4.799
-4.768
-4.799
-4.861
-4.861
-4.923
-4.871
-4.871
-4.778
-4.799
-4.789
-4.820
-4.809
-4.934
-4.954
-4.902
-4.840
-4.799
-4.768
-4.747
-4.799
-4.799
-4.840
-4.861
-4.871
-4.840
-4.768
-4.768
-4.809
-4.830
-4.851
-4.913
-4.913
-4.923
-4.820
-4.789
-4.789
-4.768
-4.820
-4.861
-4.944
-4.923
-4.892
-4.830
-4.799
-4.737
-4.882
-4.820
-4.861
-4.913
-4.944
-4.944
-4.799
-4.612
-4.768
-4.820
-4.902
-4.934
-4.944
-5.110
-4.913
-4.851
-4.809
-4.820
-4.830
-4.861
-4.871
-4.944
-4.913
-4.851
-4.623
-4.820
-4.830
-4.830
-4.851
-4.871
-4.799
-4.954
-4.923
-4.840
-4.695
-4.778
-4.778
-4.840
-4.975
-4.934
-4.799
-4.861
-4.778
-4.799
-4.747
-4.799
-4.840
-4.902
-4.892
-4.902
-4.861
-4.768
-4.861
-4.778
-4.768
-4.830
-4.902
-4.892
-4.695
-4.799
-4.778
-4.768
-4.757
-4.789
-4.789
-4.820
-4.892
-4.913
-4.861
-4.851
-4.768
-4.809
-4.706
-4.799
-4.871
-4.913
-4.902
-4.809
-4.789
-4.737
-4.726
-4.789
-4.809
-4.882
-4.944
-4.882
-4.851
-4.809
-4.716
-4.757
-4.747
-4.789
-4.830
-4.882
-4.882
-4.820
-4.809
-4.716
-4.757
-4.768
-4.799
-4.820
-4.851
-4.861
-4.840
-4.757
-4.726
-4.716
-4.747
-4.757
-4.820
-4.830
-4.830
-4.799
-4.499
-4.778
-4.685
-4.726
-4.789
-4.799
-4.882
-4.871
-4.830
-4.778
-4.747
-4.747
-4.737
-4.737
-4.840
-4.861
-4.871
-4.799
-4.757
-4.757
-4.706
-4.644
-4.757
-4.820
-4.851
-4.892
-4.882
-4.799
-4.747
-4.747
-4.882
-4.737
-4.820
-4.985
-4.871
-4.830
-4.799
-4.747
-4.519
-4.716
-4.778
-4.726
-4.892
-4.923
-4.892
-4.768
-4.737
-4.747
-4.768
-4.778
-4.809
-4.830
-4.882
-4.789
-4.799
-4.592
-4.778
-4.830
-4.809
-4.840
-4.830
-4.892
-4.902
-4.809
-4.768
-4.726
-4.726
-4.737
-4.737
-4.851
-4.892
-4.934
-4.840
-4.757
-4.716
-4.757
-4.820
-4.820
-4.840
-4.882
-4.902
-4.664
-4.778
-4.685
-4.768
-4.757
-4.840
-4.840
-4.934
-4.902
-4.820
-4.830
-4.809
-4.757
-4.799
-4.830
-4.861
-4.913
-4.934
-4.851
-4.799
-4.789
-4.747
-4.778
-4.778
-4.851
-4.675
-4.913
-4.830
-4.820
-4.882
-4.809
-4.809
-4.861
-4.892
-5.047
-4.923
-4.830
-4.778
-4.768
-4.778
-4.820
-4.892
-4.934
-4.923
-4.934
-4.882
-4.820
-4.789
-4.799
-4.830
-4.830
-4.975
-4.975
-4.965
-4.851
-4.789
-4.840
-4.820
-4.851
-4.871
-4.923
-4.975
-4.913
-4.882
-4.871
-4.789
-4.871
-4.902
-4.944
-4.944
-4.944
-4.913
-4.871
-4.840
-4.851
-4.861
-4.902
-4.954
-4.996
-4.954
-4.840
-4.913
-4.892
-4.861
-4.861
-4.892
-4.954
-4.985
-4.954
-4.892
-4.902
-4.861
-4.871
-4.913
-4.954
-4.944
-5.006
-4.954
-4.871
-4.882
-4.840
-4.892
-4.954
-4.985
-5.027
-5.047
-4.923
-4.913
-4.861
-4.882
-4.934
-4.944
-5.016
-4.996
-4.975
-4.871
-4.892
-4.902
-4.923
-4.954
-4.985
-5.016
-4.996
-4.913
-4.871
-4.861
-4.954
-4.954
-4.934
-5.047
-4.975
-4.975
-4.913
-4.871
-4.882
-4.913
-4.902
-4.975
-5.006
-4.934
-5.016
-4.840
-4.840
-4.892
-4.954
-4.923
-5.006
-4.996
-4.954
-4.902
-4.871
-4.871
-4.892
-4.902
-4.954
-5.016
-4.934
-4.789
-4.892
-4.851
-4.882
-4.892
-4.913
-4.985
-4.996
-4.954
-4.882
-4.830
-4.840
-4.861
-4.954
-4.934
-4.965
-5.006
-4.882
-4.851
-4.861
-4.851
-4.871
-4.913
-4.954
-4.985
-4.944
-4.871
-4.902
-4.851
-4.882
-4.778
-5.027
-4.913
-4.954
-4.892
-4.871
-4.851
-4.840
-4.861
-4.871
-4.944
-4.985
-4.965
-4.882
-4.861
-4.820
-4.830
-4.840
-4.985
-4.934
-4.996
-4.944
-4.882
-4.882
-4.830
-4.861
-4.913
-4.944
-4.944
-4.934
-4.902
-4.871
-4.892
-4.851
-4.830
-4.861
-4.913
-4.996
-4.975
-5.027
-4.851
-4.851
-4.851
-4.799
-4.892
-4.913
-4.975
-4.934
-4.902
-4.840
-4.809
-4.840
-4.840
-4.882
-4.923
-4.954
-4.965
-4.892
-4.809
-4.768
-4.768
-4.861
-4.840
-4.996
-4.965
-4.944
-4.861
-4.799
-4.799
-4.799
-4.820
-4.913
-4.954
-4.913
-4.840
-4.830
-4.820
-4.820
-4.799
-4.809
-4.871
-4.913
-4.934
-4.882
-4.820
-4.747
-4.809
-4.820
-4.820
-4.913
-4.757
-4.934
-4.871
-4.809
-4.768
-4.778
-4.778
-4.809
-4.861
-4.851
-4.913
-4.882
-4.789
-4.799
-4.789
-4.789
-4.820
-4.685
-4.923
-4.902
-4.830
-4.778
-4.768
-4.747
-4.778
-4.799
-4.902
-4.882
-4.913
-4.861
-4.799
-4.747
-4.757
-4.768
-4.830
-4.830
-4.882
-4.882
-4.830
-4.809
-4.726
-4.509
-4.747
-4.851
-4.871
-4.871
-4.882
-4.840
-4.778
-4.768
-4.747
-4.778
-4.789
-4.830
-4.871
-4.913
-4.820
-4.799
-4.726
-4.757
-4.778
-4.789
-4.861
-4.871
-4.902
-4.830
-4.820
-4.778
-4.757
-4.809
-4.820
-4.830
-4.923
-4.892
-4.840
-4.830
-4.757
-4.851
-4.799
-4.840
-4.871
-4.944
-4.871
-4.871
-4.820
-4.809
-4.789
-4.902
-4.820
-4.902
-4.954
-4.871
-4.830
-4.830
-4.820
-4.799
-4.830
-4.851
-4.985
-4.851
-4.882
-4.840
-4.820
-4.809
-4.851
-4.840
-4.840
-4.871
-4.944
-4.902
-4.871
-4.809
-4.789
-4.592
-4.820
-4.871
-4.913
-4.965
-4.913
-4.851
-4.789
-4.685
-4.799
-4.820
-4.882
-4.913
-4.965
-4.871
-4.820
-4.799
-4.747
-4.809
-4.664
-4.882
-4.923
-4.923
-4.902
-4.789
-4.778
-4.789
-4.789
-4.789
-4.871
-4.944
-4.954
-4.840
-4.820
-4.778
-4.820
-4.840
-4.830
-4.902
-4.913
-4.934
-4.851
-4.809
-4.778
-4.789
-4.820
-4.851
-4.902
-4.944
-4.902
-4.882
-4.747
-4.789
-4.882
-4.820
-4.882
-4.851
-4.820
-4.892
-4.871
-4.820
-4.789
-4.809
-4.871
-4.892
-4.934
-4.944
-4.965
-4.820
-4.820
-4.820
-4.830
-4.851
-4.892
-4.954
-4.965
-4.913
-4.871
-4.851
-4.830
-4.809
-4.882
-4.923
-4.954
-4.934
-4.882
-4.913
-4.789
-4.799
-4.840
-4.902
-4.913
-4.996
-4.902
-4.892
-4.840
-4.809
-4.820
-4.840
-4.882
-4.923
-4.954
-4.985
-4.768
-4.820
-4.789
-4.820
-4.830
-4.902
-5.089
-4.975
-4.913
-4.871
-4.820
-4.799
-4.789
-4.840
-4.882
-4.965
-4.965
-4.882
-4.861
-4.799
-4.757
-4.830
-4.871
-4.871
-4.944
-4.954
-4.861
-4.840
-4.789
-4.789
-4.809
-4.633
-4.892
-4.954
-4.965
-4.809
-4.820
-4.851
-4.778
-4.809
-4.809
-4.882
-4.923
-4.923
-4.809
-4.923
-4.789
-4.778
-4.809
-4.923
-4.861
-4.902
-4.902
-4.809
-4.789
-4.809
-4.809
-4.809
-4.612
-4.902
-4.934
-4.882
-4.830
-4.830
-4.799
-4.789
-4.799
-4.851
-4.985
-4.934
-4.913
-4.840
-4.778
-4.789
-4.789
-4.799
-4.840
-4.902
-4.913
-4.913
-4.820
-4.789
-4.768
-4.789
-4.902
-4.871
-4.913
-4.934
-4.871
-4.820
-4.799
-4.757
-4.602
-4.789
-4.871
-4.902
-4.965
-4.871
-4.644
-4.778
-4.789
-4.789
-4.820
-4.675
-4.861
-4.954
-4.861
-4.820
-4.757
-4.747
-4.789
-4.737
-4.913
-4.882
-4.913
-4.871
-4.799
-4.789
-4.623
-4.757
-4.809
-4.840
-4.892
-4.892
-4.820
-4.799
-4.799
-4.726
-4.778
-4.778
-4.882
-4.892
-4.934
-4.840
-4.809
-4.789
-4.871
-4.840
-4.789
-4.851
-4.913
-4.913
-4.882
-4.809
-4.757
-4.768
-4.789
-4.799
-4.840
-4.882
-4.913
-4.871
-4.799
-4.747
-4.768
-4.716
-4.778
-4.830
-4.913
-4.913
-4.861
-4.809
-4.757
-4.768
-4.789
-4.778
-4.820
-4.882
-4.902
-4.892
-4.809
-4.778
-4.747
-4.768
-4.789
-4.820
-4.861
-4.882
-4.861
-4.799
-4.540
-4.747
-4.768
-4.830
-4.840
-4.871
-4.851
-4.871
-4.861
-4.747
-4.768
-4.747
-4.778
-4.809
-4.861
-4.913
-4.851
-4.675
-4.747
-4.768
-4.747
-4.778
-4.809
-4.851
-4.882
-4.861
-4.799
-4.778
-4.747
-4.757
-4.913
-4.830
-4.840
-4.944
-4.934
-4.830
-4.664
-4.716
-4.768
-4.768
-4.809
-4.861
-4.902
-4.851
-4.799
-4.768
-4.737
-4.623
-4.757
-4.799
-4.851
-4.882
-4.871
-4.778
-4.747
-4.737
-4.840
-4.778
-4.809
-4.851
-4.902
-4.913
-4.799
-4.778
-4.716
-4.716
-4.726
-4.695
-4.789
-4.892
-4.871
-4.820
-4.768
-4.737
-4.726
-4.757
-4.840
-4.871
-4.913
-4.954
-4.799
-4.768
-4.757
-4.737
-4.757
-4.799
-4.840
-4.923
-4.892
-4.830
-4.799
-4.747
-4.768
-4.757
-4.799
-4.799
-4.871
-4.913
-4.820
-4.737
-4.757
-4.716
-4.726
-4.789
-4.830
-4.861
-4.892
-4.851
-4.778
-4.768
-4.737
-4.768
-4.757
-4.778
-4.892
-4.923
-4.851
-4.799
-4.737
-4.830
-4.706
-4.768
-4.809
-4.840
-4.902
-4.851
-4.923
-4.768
-4.747
-4.830
-4.757
-4.789
-4.851
-4.882
-4.861
-4.799
-4.809
-4.726
-4.716
-4.757
-4.778
-4.851
-4.892
-4.851
-4.820
-4.778
-4.861
-4.726
-4.747
-4.757
-4.820
-4.861
-4.892
-4.778
-4.851
-4.747
-4.716
-4.747
-4.757
-4.840
-4.861
-4.892
-4.830
-4.757
-4.716
-4.685
-4.716
-4.747
-4.778
-4.851
-4.851
-4.809
-4.757
-4.716
-4.664
-4.747
-4.840
-4.840
-4.861
-5.006
-4.820
-4.789
-4.737
-4.706
-4.716
-4.726
-4.789
-4.799
-4.861
-4.830
-4.768
-4.747
-4.716
-4.716
-4.726
-4.778
-4.675
-4.840
-4.840
-4.757
-4.757
-4.726
-4.716
-4.726
-4.747
-4.757
-4.851
-4.871
-4.830
-4.747
-4.726
-4.675
-4.706
-4.789
-4.799
-4.851
-4.871
-4.892
-4.747
-4.726
-4.737
-4.716
-4.716
-4.789
-4.830
-4.861
-4.820
-4.737
-4.737
-4.716
-4.737
-4.757
-4.768
-4.809
-4.871
-4.851
-4.778
-4.726
-4.716
-4.706
-4.737
-4.778
-4.820
-4.830
-4.830
-4.768
-4.757
-4.789
-4.706
-4.726
-4.768
-4.778
-4.840
-4.840
-4.799
-4.747
-4.716
-4.726
-4.726
-4.768
-4.809
-4.820
-4.851
-4.820
-4.789
-4.716
-4.706
-4.695
-4.737
-4.768
-4.840
-4.861
-4.923
-4.768
-4.747
-4.685
-4.737
-4.675
-4.747
-4.820
-4.882
-4.820
-4.757
-4.861
-4.716
-4.768
-4.726
-4.747
-4.778
-4.851
-4.840
-4.768
-4.675
-4.685
-4.467
-4.737
-4.778
-4.789
-4.820
-4.851
-4.778
-4.757
-4.716
-4.706
-4.706
-4.799
-4.820
-4.902
-4.861
-4.799
-4.757
-4.726
-4.695
-4.716
-4.737
-4.789
-4.830
-4.913
-4.809
-4.757
-4.695
-4.457
-4.726
-4.737
-4.716
-4.799
-4.851
-4.830
-4.768
-4.737
-4.695
-4.726
-4.706
-4.519
-4.820
-4.851
-4.840
-4.809
-4.747
-4.737
-4.695
-4.737
-4.737
-4.778
-4.840
-4.840
-4.799
-4.726
-4.820
-4.726
-4.726
-4.706
-4.789
-4.799
-4.851
-4.809
-4.757
-4.726
-4.716
-4.726
-4.737
-4.747
-4.789
-4.861
-4.840
-4.757
-4.737
-4.840
-4.695
-4.726
-4.799
-4.809
-4.695
-4.840
-4.623
-4.747
-4.726
-4.695
-4.706
-4.737
-4.675
-4.892
-4.861
-4.799
-4.747
-4.726
-4.685
-4.716
-4.726
-4.768
-4.820
-4.851
-4.789
-4.612
-4.550
-4.706
-4.706
-4.737
-4.757
-4.809
-4.830
-4.830
-4.757
-4.716
-4.685
-4.706
-4.726
-4.757
-4.789
-4.902
-4.892
-4.789
-4.778
-4.685
-4.706
-4.478
-4.757
-4.789
-4.840
-4.851
-4.799
-4.747
-4.726
-4.695
-4.716
-4.757
-4.799
-4.840
-4.882
-4.830
-4.757
-4.726
-4.695
-4.716
-4.685
-4.778
-4.830
-4.851
-4.830
-4.778
-4.726
-4.726
-4.695
-4.716
-4.757
-4.809
-4.840
-4.830
-4.789
-4.737
-4.706
-4.695
-4.726
-4.737
-4.789
-4.830
-4.861
-4.789
-4.716
-4.695
-4.685
-4.706
-4.768
-4.809
-4.820
-4.840
-4.799
-4.757
-4.716
-4.695
-4.685
-4.726
-4.737
-4.799
-4.851
-4.840
-4.768
-4.706
-4.695
-4.695
-4.706
-4.757
-4.851
-4.840
-4.851
-4.768
-4.716
-4.716
-4.716
-4.716
-4.747
-4.592
-4.830
-4.830
-4.830
-4.737
-4.726
-4.664
-4.716
-4.716
-4.778
-4.799
-4.840
-4.809
-4.757
-4.695
-4.706
-4.706
-4.716
-4.768
-4.809
-4.871
-4.820
-4.768
-4.706
-4.695
-4.685
-4.675
-4.747
-4.789
-4.820
-4.830
-4.757
-4.726
-4.706
-4.706
-4.706
-4.871
-4.830
-4.799
-4.851
-4.778
-4.789
-4.695
-4.706
-4.695
-4.716
-4.882
-4.809
-4.851
-4.830
-4.747
-4.726
-4.695
-4.685
-4.716
-4.757
-4.757
-4.840
