-2.910
-2.921
-2.931
-2.941
-3.024
-2.889
-2.972
-2.858
-2.879
-2.848
-2.921
-3.003
-2.983
-2.941
-2.972
-2.983
-2.983
-3.014
-3.003
-2.993
-2.972
-3.014
-2.910
-3.034
-3.086
-2.993
-2.993
-2.941
-2.972
-2.952
-2.972
-2.900
-3.024
-2.983
-2.983
-2.931
-2.952
-2.921
-2.952
-2.910
-2.941
-2.817
-2.962
-2.889
-2.827
-2.952
-2.848
-2.921
-2.889
-2.858
-2.858
-2.838
-2.869
-2.889
-2.879
-2.827
-2.848
-2.869
-2.827
-2.858
-2.869
-2.858
-2.879
-3.003
-3.014
-2.921
-2.900
-3.045
-3.014
-2.952
-2.993
-2.972
-3.014
-3.034
-2.983
-3.014
-3.148
-3.117
-3.159
-3.034
-3.076
-3.045
-3.076
-3.076
-3.024
-3.066
-3.045
-3.034
-3.055
-2.993
-2.993
-2.869
-2.941
-2.962
-2.900
-2.889
-2.931
-2.900
-2.983
-2.889
-2.952
-2.941
-2.910
-2.941
-2.931
-2.962
-2.952
-2.962
-2.952
-2.983
-2.921
-2.962
-3.003
-3.066
-2.983
-3.014
-3.045
-3.014
-3.076
-3.045
-3.076
-3.097
-3.107
-3.076
-3.117
-3.159
-3.117
-3.128
-3.128
-3.128
-3.179
-3.231
-3.159
-3.211
-3.117
-3.148
-3.128
-3.169
-3.117
-3.117
-3.107
-3.076
-3.107
-3.107
-3.055
-3.024
-3.097
-2.962
-3.045
-3.045
-3.117
-3.024
-3.055
-3.045
-3.034
-3.003
-3.034
-3.055
-3.097
-3.045
-3.045
-3.107
-3.055
-3.097
-3.107
-3.086
-3.076
-3.200
-3.117
-2.879
-3.117
-3.148
-3.138
-3.221
-3.055
-2.983
-3.055
-3.055
-3.066
-3.107
-3.003
-3.024
-2.993
-3.003
-3.003
-3.014
-3.086
-3.066
-2.952
-2.900
-2.910
-2.921
-2.910
-2.941
-2.962
-3.034
-2.921
-2.910
-2.962
-2.972
-2.972
-2.972
-2.952
-2.931
-2.952
-2.921
-2.972
-2.962
-2.931
-2.972
-2.972
-2.952
-2.993
-2.983
-3.034
-3.045
-3.014
-3.034
-2.983
-3.014
-2.993
-3.045
-3.045
-3.045
-3.076
-3.066
-2.827
-3.055
-2.993
-3.055
-3.055
-3.128
-3.117
-3.003
-3.024
-3.024
-3.003
-2.962
-2.993
-2.910
-2.941
-2.921
-2.879
-2.941
-2.858
-2.952
-2.962
-2.921
-2.910
-2.879
-2.869
-2.869
-2.900
-2.869
-2.952
-2.910
-2.827
-2.900
-2.817
-3.003
-2.848
-2.962
-2.972
-2.869
-2.921
-2.993
-2.921
-2.900
-2.931
-2.921
-2.869
-2.983
-2.962
-2.931
-2.993
-2.931
-3.003
-2.921
-2.983
-2.910
-3.066
-2.962
-2.972
-2.972
-2.941
-3.055
-3.086
-3.055
-3.003
-3.024
-2.900
-3.003
-3.024
-2.983
-2.941
-2.983
-2.962
-2.962
-2.889
-2.900
-2.786
-2.879
-2.848
-2.993
-2.827
-2.858
-2.858
-2.879
-2.879
-2.848
-2.889
-2.817
-2.858
-2.807
-2.817
-2.807
-2.838
-2.755
-2.807
-2.713
-2.734
-2.807
-2.796
-2.744
-2.713
-2.796
-2.776
-2.744
-2.734
-2.703
-2.724
-2.703
-2.755
-2.858
-2.713
-2.713
-2.651
-2.682
-2.724
-2.682
-2.786
-2.713
-2.682
-2.734
-2.599
-2.693
-2.682
-2.713
-2.724
-2.620
-2.651
-2.641
-2.641
-2.537
-2.579
-2.713
-2.713
-2.693
-2.693
-2.703
-2.682
-2.817
-2.713
-2.672
-2.693
-2.744
-2.662
-2.672
-2.724
-2.744
-2.662
-2.724
-2.527
-2.744
-2.734
-2.713
-2.755
-2.724
-2.776
-2.693
-2.776
-2.817
-2.755
-2.693
-2.786
-2.713
-2.713
-2.776
-2.744
-2.548
-2.765
-2.776
-2.786
-2.744
-2.713
-2.827
-2.796
-2.724
-2.786
-2.807
-2.734
-2.776
-2.755
-2.734
-2.755
-2.807
-2.848
-2.838
-2.776
-2.827
-2.776
-2.807
-2.765
-2.827
-2.848
-2.807
-2.827
-2.838
-2.827
-2.869
-2.889
-2.941
-2.838
-2.807
-2.786
-2.993
-2.796
-2.900
-2.827
-2.827
-2.848
-2.744
-2.827
-2.827
-2.838
-2.838
-2.879
-2.796
-2.817
-2.776
-2.838
-2.786
-2.796
-2.641
-2.827
-2.827
-2.755
-2.776
-2.869
-2.796
-2.807
-2.817
-2.848
-2.807
-2.827
-2.858
-2.817
-2.786
-2.848
-2.838
-2.848
-2.776
-2.858
-2.848
-2.817
-2.807
-2.838
-2.817
-2.838
-2.921
-2.900
-2.858
-2.827
-2.848
-2.858
-2.838
-2.869
-2.838
-2.921
-2.879
-2.900
-2.838
-2.910
-2.921
-2.889
-2.838
-2.921
-2.910
-2.921
-2.900
-2.931
-2.921
-3.066
-3.003
-3.055
-3.003
-2.993
-2.983
-3.034
-3.066
-3.045
-3.128
-3.055
-3.086
-3.045
-3.045
-3.179
-3.024
-2.993
-3.097
-2.993
-2.983
-3.076
-3.045
-2.993
-2.993
-2.983
-3.003
-3.003
-2.952
-3.024
-2.993
-2.993
-2.910
-2.972
-2.993
-2.993
-3.014
-2.972
-2.983
-3.014
-3.055
-3.066
-3.066
-3.024
-3.066
-2.993
-3.179
-3.014
-3.138
-3.138
-3.138
-3.086
-3.066
-3.200
-3.169
-3.179
-3.179
-3.262
-3.190
-3.159
-3.138
-3.148
-3.169
-3.128
-3.107
-3.086
-3.097
-3.076
-3.097
-3.076
-3.107
-3.076
-3.076
-3.055
-2.972
-3.097
-3.066
-3.097
-3.097
-3.169
-3.138
-3.086
-3.086
-3.107
-3.097
-3.138
-3.128
-3.159
-3.159
-3.169
-3.159
-3.190
-3.200
-3.169
-3.179
-3.200
-3.179
-3.169
-3.169
-3.169
-3.138
-3.107
-3.231
-3.086
-3.076
-3.107
-3.034
-3.086
-3.055
-3.055
-2.879
-3.024
-3.024
-3.014
-3.055
-3.117
-3.117
-3.107
-3.128
-3.117
-3.159
-3.107
-3.159
-3.179
-3.169
-3.190
-3.179
-3.262
-3.231
-3.242
-3.293
-3.335
-3.283
-3.293
-3.407
-3.314
-3.283
-3.252
-3.242
-3.221
-3.252
-3.273
-3.242
-3.179
-3.211
-3.211
-3.252
-3.190
-3.200
-3.221
-3.211
-3.252
-3.252
-3.252
-3.252
-3.293
-3.324
-3.314
-3.324
-3.366
-3.366
-3.428
-3.376
-3.283
-3.407
-3.500
-3.345
-3.355
-3.407
-3.304
-3.345
-3.293
-3.283
-3.293
-3.304
-3.242
-3.273
-3.314
-3.283
-3.283
-3.293
-3.304
-3.304
-3.304
-3.304
-3.324
-3.335
-3.366
-3.355
-3.387
-3.407
-3.314
-3.428
-3.355
-3.324
-3.449
-3.252
-3.407
-3.273
-3.283
-3.252
-3.221
-3.221
-3.231
-3.252
-3.200
-3.242
-3.252
-3.283
-3.262
-3.283
-3.211
-3.293
-3.314
-3.304
-3.345
-3.345
-3.376
-3.355
-3.428
-3.418
-3.376
-3.345
-3.387
-3.304
-3.355
-3.335
-3.252
-3.283
-3.335
-3.273
-3.283
-3.293
-3.273
-3.314
-3.345
-3.262
-3.324
-3.397
-3.138
-3.418
-3.418
-3.376
-3.500
-3.469
-3.407
-3.407
-3.345
-3.449
-3.376
-3.335
-3.293
-3.324
-3.200
-3.283
-3.366
-3.324
-3.304
-3.293
-3.355
-3.324
-3.283
-3.335
-3.304
-3.366
-3.314
-3.304
-3.355
-3.532
-3.490
-3.480
-3.521
-3.449
-3.449
-3.418
-3.438
-3.500
-3.407
-3.418
-3.387
-3.159
-3.376
-3.355
-3.438
-3.387
-3.355
-3.252
-3.366
-3.428
-3.449
-3.428
-3.500
-3.459
-3.511
-3.500
-3.573
-3.500
-3.490
-3.625
-3.511
-3.490
-3.428
-3.438
-3.418
-3.387
-3.387
-3.376
-3.345
-3.324
-3.324
-3.376
-3.366
-3.387
-3.376
-3.387
-3.376
-3.387
-3.387
-3.428
-3.449
-3.428
-3.480
-3.459
-3.438
-3.438
-3.397
-3.376
-3.397
-3.324
-3.324
-3.304
-3.293
-3.273
-3.221
-3.252
-3.221
-3.211
-3.242
-3.242
-3.221
-3.314
-3.252
-3.262
-3.231
-3.252
-3.252
-3.273
-3.262
-3.252
-3.273
-3.273
-3.262
-3.273
-3.324
-3.211
-3.366
-3.262
-3.148
-3.159
-3.190
-3.117
-3.107
-3.097
-3.066
-2.993
-3.066
-3.045
-3.034
-3.014
-2.952
-3.076
-3.024
-3.014
-2.993
-3.003
-2.931
-2.972
-2.962
-2.941
-2.931
-2.931
-2.682
-2.941
-2.931
-2.900
-2.931
-2.889
-2.962
-2.682
-2.889
-2.931
-2.900
-2.931
-2.672
-2.879
-2.900
-2.889
-2.910
-2.869
-2.879
-2.931
-2.879
-2.817
-2.879
-2.869
-2.776
-2.879
-2.755
-2.869
-2.858
-2.848
-2.869
-2.869
-2.807
-2.879
-2.941
-2.817
-2.879
-2.921
-2.889
-2.900
-2.838
-2.838
-2.827
-2.838
-2.807
-2.921
-2.827
-2.558
-2.776
-2.734
-2.817
-2.848
-2.817
-2.579
-2.724
-2.776
-2.744
-2.786
-2.724
-2.734
-2.744
-2.713
-2.744
-2.724
-2.506
-2.693
-2.703
-2.755
-2.620
-2.713
-2.734
-2.724
-2.641
-2.693
-2.682
-2.838
-2.682
-2.662
-2.672
-2.641
-2.599
-2.537
-2.382
-2.682
-2.672
-2.724
-2.631
-2.713
-2.651
-2.786
-2.631
-2.693
-2.724
-2.641
-2.662
-2.734
-2.724
-2.651
-2.651
-2.682
-2.693
-2.682
-2.713
-2.672
-2.672
-2.641
-2.693
-2.713
-2.693
-2.693
-2.786
-2.641
-2.703
-2.713
-2.724
-2.703
-2.693
-2.713
-2.703
-2.703
-2.682
-2.589
-2.703
-2.807
-2.610
-2.682
-2.703
-2.651
-2.744
-2.734
-2.641
-2.682
-2.693
-2.713
-2.713
-2.713
-2.807
-2.724
-2.744
-2.776
-2.693
-2.724
-2.610
-2.807
-2.734
-2.682
-2.755
-2.744
-2.724
-2.744
-2.713
-2.744
-2.744
-2.744
-2.744
-2.744
-2.734
-2.724
-2.776
-2.734
-2.744
-2.734
-2.786
-2.765
-2.848
-2.765
-2.796
-2.755
-2.776
-2.744
-2.786
-2.765
-2.776
-2.817
-2.807
-2.869
-2.765
-2.755
-2.765
-2.786
-2.807
-2.558
-2.755
-2.817
-2.796
-2.827
-2.817
-2.838
-2.848
-2.858
-2.838
-2.838
-2.910
-2.869
-2.858
-2.921
-2.858
-2.931
-2.889
-2.972
-2.952
-3.045
-2.931
-2.983
-3.034
-2.993
-3.034
-3.034
-2.848
-3.076
-3.086
-3.097
-3.252
-3.097
-3.117
-3.128
-3.138
-3.148
-3.117
-3.097
-3.097
-3.055
-3.128
-3.034
-3.034
-3.034
-3.014
-3.024
-2.983
-3.076
-2.983
-2.972
-3.003
-2.993
-3.003
-2.962
-2.962
-3.003
-2.952
-2.972
-3.034
-2.952
-2.962
-2.941
-2.952
-2.941
-2.993
-2.952
-2.931
-2.952
-2.952
-3.003
-2.972
-2.962
-3.024
-2.941
-3.034
-2.983
-2.983
-3.014
-2.993
-3.003
-3.086
-3.034
-3.014
-3.014
-3.014
-3.034
-3.117
-2.993
-2.993
-3.014
-2.879
-2.921
-3.107
-2.931
-3.024
-2.941
-2.941
-2.900
-2.869
-2.952
-2.931
-2.869
-2.941
-2.931
-2.931
-2.910
-2.931
-2.972
-2.993
-2.921
-2.921
-3.003
-2.931
-2.962
-3.034
-3.014
-3.024
-3.034
-3.055
-3.066
-3.024
-2.983
-3.086
-3.066
-3.117
-3.200
-3.190
-3.128
-3.200
-3.242
-3.335
-3.231
-3.179
-3.190
-2.972
-3.252
-3.159
-3.242
-3.107
-3.190
-3.211
-3.128
-3.221
-3.097
-3.055
-3.128
-3.086
-2.931
-3.066
-3.097
-3.086
-3.034
-3.148
-3.076
-3.055
-3.086
-3.117
-2.900
-3.107
-3.138
-3.179
-3.128
-3.107
-3.169
-3.148
-3.138
-3.097
-3.221
-3.231
-3.190
-3.200
-3.231
-3.200
-3.200
-3.169
-3.179
-3.138
-3.128
-3.148
-3.107
-3.097
-3.076
-3.076
-3.117
-3.024
-3.055
-3.066
-2.993
-3.045
-3.055
-3.034
-3.066
-3.055
-3.097
-3.086
-3.076
-3.034
-3.107
-2.921
-3.128
-3.231
-3.097
-3.190
-3.221
-3.242
-3.262
-3.242
-3.283
-3.262
-3.273
-3.376
-3.273
-3.242
-3.262
-3.221
-3.221
-3.159
-3.138
-3.148
-3.148
-3.159
-3.138
-3.148
-3.148
-3.159
-3.117
-3.138
-3.200
-3.159
-3.169
-3.086
-3.148
-3.169
-3.190
-3.159
-3.200
-3.211
-3.221
-3.231
-3.304
-3.283
-3.242
-3.283
-3.273
-3.335
-3.283
-3.262
-3.252
-3.273
-3.231
-3.252
-3.211
-3.231
-3.304
-3.221
-3.221
-3.231
-3.242
-3.221
-3.221
-3.273
-3.242
-3.262
-3.304
-3.262
-3.293
-3.335
-3.324
-3.376
-3.387
-3.397
-3.418
-3.459
-3.407
-3.387
-3.387
-3.366
-3.324
-3.355
-3.335
-3.324
-3.293
-3.335
-3.304
-3.293
-3.283
-3.293
-3.283
-3.314
-3.366
-3.324
-3.335
-3.345
-3.335
-3.366
-3.407
-3.376
-3.376
-3.397
-3.397
-3.376
-3.355
-3.293
-3.355
-3.273
-3.304
-3.273
-3.221
-3.242
-3.211
-3.231
-3.148
-3.148
-3.211
-3.138
-3.190
-3.211
-3.200
-3.231
-3.211
-3.221
-3.242
-3.273
-3.262
-3.283
-3.366
-3.314
-3.366
-3.335
-3.366
-3.387
-3.314
-3.407
-3.335
-3.304
-3.397
-3.304
-3.242
-3.262
-3.231
-3.242
-3.221
-3.221
-3.200
-3.190
-3.252
-3.190
-3.190
-3.252
-3.190
-3.148
-3.252
-3.262
-3.221
-3.283
-3.304
-3.283
-3.480
-3.014
-3.283
-3.304
-3.314
-3.355
-3.304
-3.304
-3.283
-3.231
-3.159
-3.179
-3.159
-3.169
-3.169
-3.148
-3.024
-3.097
-3.211
-3.097
-3.066
-3.076
-3.117
-3.221
-3.117
-3.159
-3.107
-3.086
-3.304
-3.169
-3.097
-3.128
-3.138
-3.200
-3.231
-3.273
-3.273
-3.252
-3.273
-3.283
-3.355
-3.262
-3.262
-3.252
-3.345
-3.314
-3.211
-3.014
-3.211
-3.128
-3.148
-3.159
-3.117
-3.138
-3.169
-3.159
-3.128
-3.179
-3.148
-3.169
-3.169
-3.211
-3.117
-3.262
-3.159
-3.179
-3.117
-3.211
-3.190
-3.242
-3.262
-3.231
-3.262
-3.273
-3.045
-3.252
-3.242
-3.221
-3.262
-3.314
-3.179
-3.159
-3.128
-3.117
-3.169
-3.128
-3.107
-3.086
-3.097
-3.128
-3.086
-3.076
-3.076
-3.086
-3.066
-3.086
-3.117
-3.097
-3.097
-3.076
-3.128
-3.128
-3.138
-3.211
-3.138
-3.169
-3.179
-3.024
-3.221
-3.211
-3.200
-3.169
-3.304
-3.200
-2.952
-3.190
-3.200
-3.169
-3.221
-3.117
-3.086
-3.097
-3.076
-3.076
-3.066
-3.066
-3.076
-3.034
-3.107
-3.055
-3.024
-3.045
-3.034
-3.117
-3.014
-3.034
-3.024
-3.003
-3.003
-3.024
-3.003
-3.086
-3.055
-3.066
-3.086
-3.055
-3.097
-3.128
-3.107
-3.128
-3.159
-3.169
-3.190
-3.169
-3.169
-3.169
-3.200
-3.211
-3.169
-3.128
-3.128
-3.128
-3.128
-3.086
-2.972
-3.097
-2.921
-3.076
-3.138
-3.076
-3.086
-3.055
-3.066
-3.221
-3.097
-3.003
-3.066
-3.086
-3.169
-3.014
-3.107
-3.148
-2.983
-3.231
-3.148
-3.169
-3.242
-3.231
-3.252
-3.231
-3.397
-3.273
-3.314
-3.262
-3.314
-3.200
-3.117
-3.076
-3.242
-3.211
-3.252
-3.190
-3.190
-3.190
-3.159
-3.159
-3.169
-3.304
-3.200
-3.231
-3.211
-3.138
-3.231
-3.242
-3.273
-3.190
-3.262
-3.283
-3.262
-3.273
-3.314
-3.314
-3.335
-3.283
-3.345
-3.304
-3.262
-3.231
-3.283
-3.418
-3.200
-3.076
-3.221
-3.179
-3.252
-3.335
-3.200
-3.221
-3.200
-3.324
-3.242
-3.200
-3.304
-3.304
-3.273
-3.304
-3.335
-3.335
-3.418
-3.407
-3.428
-3.469
-3.428
-3.459
-3.438
-3.397
-3.407
-3.397
-3.314
-3.345
-3.366
-3.469
-3.324
-3.314
-3.314
-3.335
-3.335
-3.324
-3.283
-3.376
-3.252
-3.324
-3.376
-3.335
-3.366
-3.552
-3.449
-3.459
-3.428
-3.428
-3.387
-3.387
-3.387
-3.355
-3.314
-3.293
-3.345
-3.169
-3.293
-3.273
-3.262
-3.262
-3.242
-3.231
-3.231
-3.242
-3.231
-3.231
-3.387
-3.283
-3.304
-3.128
-3.252
-3.293
-3.252
-3.273
-3.283
-3.293
-3.252
-3.293
-3.273
-3.273
-3.376
-3.262
-3.045
-3.200
-3.179
-3.107
-3.138
-2.889
-3.117
-3.034
-3.034
-3.055
-3.045
-3.045
-2.869
-3.024
-3.066
-2.993
-2.993
-3.066
-2.900
-2.993
-2.983
-2.993
-2.941
-2.972
-2.962
-2.952
-2.972
-2.983
-2.941
-2.962
-2.952
-2.931
-2.931
-2.682
-2.931
-2.941
-2.962
-2.931
-2.889
-2.921
-2.931
-2.952
-2.941
-2.941
-2.931
-2.941
-2.931
-2.941
-2.910
-2.921
-2.662
-2.900
-2.848
-2.879
-2.889
-2.879
-2.869
-2.869
-2.838
-2.848
-2.838
-2.796
-2.786
-2.796
-2.796
-2.807
-2.786
-2.755
-2.755
-2.599
-2.734
-2.765
-2.744
-2.724
-2.713
-2.734
-2.682
-2.703
-2.693
-2.703
-2.693
-2.724
-2.693
-2.672
-2.693
-2.713
-2.703
-2.713
-2.703
-2.672
-2.672
-2.744
-2.755
-2.703
-2.662
-2.693
-2.599
-2.693
-2.693
-2.682
-2.765
-2.662
-2.693
-2.662
-2.807
-2.693
-2.693
-2.703
-2.682
-2.755
-2.682
-2.682
-2.713
-2.703
-2.693
-2.713
-2.713
-2.662
-2.693
-2.786
-2.682
-2.682
-2.703
-2.713
-2.672
-2.662
-2.724
-2.693
-2.693
-2.703
-2.724
-2.755
-2.765
-2.620
-2.755
-2.734
-2.662
-2.672
-2.734
-2.693
-2.713
-2.713
-2.765
-2.858
-2.724
-2.734
-2.786
-2.734
-2.693
-2.693
-2.693
-2.703
-2.776
-2.662
-2.744
-2.662
-2.548
-2.703
-2.672
-2.724
-2.631
-2.672
-2.610
-2.724
-2.682
-2.517
-2.651
-2.641
-2.682
-2.693
-2.672
-2.641
-2.651
-2.662
-2.662
-2.672
-2.662
-2.631
-2.713
-2.662
-2.662
-2.682
-2.703
-2.682
-2.672
-2.682
-2.651
-2.682
-2.662
-2.693
-2.693
-2.579
-2.693
-2.641
-2.651
-2.693
-2.713
-2.558
-2.724
-2.672
-2.703
-2.703
-2.713
-2.703
-2.734
-2.620
-2.651
-2.703
-2.755
-2.755
-2.537
-2.682
-2.703
-2.620
-2.765
-2.724
-2.703
-2.724
-2.724
-2.765
-2.724
-2.755
-2.776
-2.734
-2.734
-2.713
-2.827
-2.796
-2.672
-2.796
-2.807
-2.827
-2.817
-2.817
-2.796
-2.817
-2.838
-2.838
-2.672
-2.848
-2.693
-2.869
-2.900
-2.900
-3.014
-2.869
-2.879
-2.910
-2.921
-2.910
-2.931
-2.921
-2.921
-2.931
-2.931
-2.921
-2.931
-2.921
-2.910
-2.910
-2.921
-2.910
-2.921
-2.910
-2.889
-2.900
-2.889
-2.879
-2.869
-2.858
-2.869
-2.848
-2.838
-2.817
-2.807
-2.817
-2.838
-2.817
-2.807
-2.807
-2.786
-2.807
-2.776
-2.765
-2.869
-2.765
-2.776
-2.776
-2.786
-2.776
-2.776
-2.765
-2.807
-2.776
-2.517
-2.755
-2.765
-2.765
-2.858
-2.755
-2.776
-2.765
-2.713
-2.765
-2.900
-2.713
-2.672
-2.744
-2.776
-2.838
-2.765
-2.776
-2.589
-2.786
-2.869
-2.776
-2.786
-2.817
-2.796
-2.817
-2.744
-2.858
-2.838
-2.786
-2.869
-2.858
-2.889
-2.827
-2.921
-2.889
-2.900
-2.900
-2.910
-2.941
-2.931
-2.952
-2.972
-2.983
-2.962
-2.993
-2.993
-3.014
-3.097
-3.055
-3.066
-3.055
-3.014
-3.076
-3.117
-3.066
-3.076
-3.159
-3.055
-3.055
-3.076
-3.014
-2.931
-3.076
-3.055
-3.045
-3.034
-3.034
-3.014
-3.034
-3.066
-3.097
-3.076
-3.086
-3.159
-3.097
-3.128
-3.066
-3.076
-3.128
-3.169
-3.169
-3.231
-3.014
-3.169
-3.179
-3.211
-3.283
-3.211
-3.190
-3.324
-3.242
-3.221
-3.190
-3.097
-3.190
-3.138
-3.107
-3.117
-3.221
-3.128
-3.076
-3.066
-3.034
-3.003
-2.900
-3.076
-3.003
-2.993
-2.931
-3.024
-2.972
-3.024
-2.962
-2.941
-3.003
-2.983
-2.983
-2.983
-2.993
-3.138
-2.889
-3.055
-2.921
-2.993
-3.014
-3.045
-2.879
-2.983
-2.972
-3.014
-2.889
-2.972
-2.972
-2.941
-2.972
-2.941
-2.972
-2.952
-2.983
-2.941
-2.931
-2.983
-2.993
-2.962
-2.972
-2.941
-2.941
-2.941
-2.910
-2.910
-2.858
-2.921
-2.931
-2.952
-2.869
-2.807
-2.848
-2.807
-2.827
-2.796
-2.807
-2.765
-2.786
-2.776
-2.796
-2.869
-2.858
-2.838
-2.724
-2.744
-2.713
-2.744
-2.734
-2.724
-2.734
-2.713
-2.713
-2.713
-2.682
-2.703
-2.693
-2.682
-2.631
-2.682
-2.672
-2.631
-2.496
-2.682
-2.651
-2.465
-2.631
-2.610
-2.631
-2.599
-2.703
-2.620
-2.662
-2.610
-2.631
-2.610
-2.620
-2.610
-2.599
-2.620
-2.599
-2.610
-2.579
-2.610
-2.589
-2.589
-2.558
-2.558
-2.651
-2.568
-2.589
-2.341
-2.517
-2.454
-2.579
-2.568
-2.558
-2.568
-2.568
-2.568
-2.693
-2.568
-2.548
-2.620
-2.558
-2.558
-2.558
-2.548
-2.548
-2.568
-2.506
-2.568
-2.579
-2.641
-2.548
-2.537
-2.558
-2.548
-2.548
-2.548
-2.672
-2.548
-2.548
-2.568
-2.392
-2.537
-2.589
-2.506
-2.506
-2.672
-2.537
-2.454
-2.537
-2.579
-2.537
-2.548
-2.537
-2.527
-2.527
-2.548
-2.579
-2.713
-2.527
-2.548
-2.713
-2.548
-2.517
-2.517
-2.506
-2.527
-2.537
-2.568
-2.548
-2.548
-2.537
-2.558
-2.475
-2.579
-2.589
-2.537
-2.548
-2.527
-2.558
-2.278
-2.589
-2.579
-2.579
-2.537
-2.548
-2.579
-2.558
-2.589
-2.599
-2.465
-2.537
-2.454
-2.620
-2.558
-2.506
-2.599
-2.506
-2.527
-2.579
-2.537
-2.527
-2.548
-2.517
-2.517
-2.465
-2.568
-2.558
-2.527
-2.413
-2.579
-2.599
-2.703
-2.599
-2.589
-2.610
-2.517
-2.579
-2.558
-2.527
-2.568
-2.579
-2.486
-2.558
-2.599
-2.444
-2.662
-2.641
-2.506
-2.568
-2.568
-2.537
-2.537
-2.589
-2.641
-2.537
-2.558
-2.579
-2.589
-2.537
-2.517
-2.599
-2.703
-2.589
-2.693
-2.579
-2.568
-2.537
-2.548
-2.641
-2.475
-2.579
-2.631
-2.599
-2.620
-2.568
-2.662
-2.579
-2.724
-2.620
-2.610
-2.651
-2.620
-2.610
-2.444
-2.682
-2.662
-2.651
-2.610
-2.651
-2.610
-2.475
-2.599
-2.610
-2.610
-2.662
-2.651
-2.693
-2.631
-2.641
-2.599
-2.662
-2.610
-2.599
-2.610
-2.620
-2.641
-2.610
-2.589
-2.589
-2.589
-2.589
-2.589
-2.610
-2.620
-2.610
-2.568
-2.351
-2.579
-2.568
-2.599
-2.548
-2.517
-2.537
-2.527
-2.527
-2.506
-2.517
-2.558
-2.568
-2.568
-2.579
-2.620
-2.496
-2.506
-2.496
-2.517
-2.527
-2.496
-2.517
-2.527
-2.517
-2.506
-2.517
-2.496
-2.548
-2.454
-2.506
-2.517
-2.517
-2.558
-2.537
-2.558
-2.506
-2.537
-2.486
-2.496
-2.517
-2.506
-2.610
-2.496
-2.444
-2.486
-2.496
-2.486
-2.496
-2.486
-2.620
-2.506
-2.506
-2.517
-2.486
-2.278
-2.496
-2.641
-2.548
-2.496
-2.517
-2.506
-2.517
-2.506
-2.517
-2.527
-2.548
-2.537
-2.527
-2.651
-2.527
-2.527
-2.517
-2.527
-2.610
-2.527
-2.475
-2.527
-2.517
-2.548
-2.558
-2.537
-2.517
-2.496
-2.568
-2.434
-2.486
-2.496
-2.558
-2.475
-2.517
-2.527
-2.527
-2.558
-2.392
-2.517
-2.517
-2.506
-2.475
-2.506
-2.475
-2.568
-2.558
-2.465
-2.548
-2.548
-2.465
-2.486
-2.651
-2.444
-2.496
-2.506
-2.496
-2.496
-2.527
-2.527
-2.454
-2.351
-2.454
-2.423
-2.548
-2.237
-2.465
-2.506
-2.382
-2.496
-2.496
-2.517
-2.506
-2.496
-2.506
-2.517
-2.506
-2.527
-2.517
-2.475
-2.496
-2.548
-2.475
-2.444
-2.506
-2.517
-2.517
-2.548
-2.496
-2.506
-2.506
-2.506
-2.517
-2.620
-2.506
-2.517
-2.558
-2.579
-2.548
-2.496
-2.537
-2.548
-2.537
-2.517
-2.527
-2.558
-2.475
-2.506
-2.558
-2.537
-2.496
-2.517
-2.599
-2.568
-2.568
-2.558
-2.548
-2.537
-2.579
-2.599
-2.579
-2.641
-2.589
-2.330
-2.413
-2.579
-2.599
-2.631
-2.599
-2.589
-2.579
-2.589
-2.558
-2.672
-2.599
-2.641
-2.796
-2.599
-2.620
-2.610
-2.672
-2.631
-2.672
-2.610
-2.620
-2.620
-2.631
-2.620
-2.641
-2.454
-2.641
-2.662
-2.631
-2.589
-2.579
-2.651
-2.651
-2.651
-2.641
-2.631
-2.413
-2.776
-2.682
-2.662
-2.610
-2.693
-2.548
-2.651
-2.724
-2.641
-2.662
-2.682
-2.713
-2.734
-2.724
-2.672
-2.672
-2.682
-2.693
-2.682
-2.693
-2.703
-2.755
-2.641
-2.672
-2.620
-2.713
-2.744
-2.724
-2.713
-2.641
-2.724
-2.744
-2.869
-2.755
-2.744
-2.786
-2.796
-2.755
-2.786
-2.807
-2.786
-2.807
-2.900
-2.848
-2.827
-2.817
-2.848
-2.848
-2.879
-3.003
-2.879
-2.889
-2.900
-2.931
-2.889
-2.921
-2.941
-2.910
-2.921
-3.055
-2.952
-2.972
-2.983
-2.952
-2.941
-2.983
-2.972
-2.931
-2.993
-2.941
-2.962
-2.952
-2.952
-2.921
-2.921
-2.900
-3.034
-2.879
-2.817
-2.869
-2.631
-2.889
-2.879
-2.900
-2.765
-2.827
-2.776
-2.786
-2.869
-2.817
-2.796
-2.807
-2.900
-2.796
-2.817
-2.786
-2.765
-2.765
-2.807
-2.734
-2.755
-2.776
-2.796
-2.776
-2.724
-2.579
-2.693
-2.713
-2.713
-2.703
-2.724
-2.693
-2.713
-2.672
-2.610
-2.703
-2.724
-2.682
-2.651
-2.610
-2.713
-2.651
-2.703
-2.620
-2.662
-2.744
-2.506
-2.672
-2.703
-2.651
-2.693
-2.651
-2.672
-2.682
-2.713
-2.662
-2.662
-2.672
-2.734
-2.703
-2.651
-2.713
-2.682
-2.755
-2.703
-2.672
-2.641
-2.682
-2.693
-2.693
-2.734
-2.703
-2.527
-2.641
-2.786
-2.724
-2.672
-2.744
-2.620
-2.796
-2.672
-2.682
-2.693
-2.693
-2.693
-2.610
-2.548
-2.662
-2.693
-2.703
-2.682
-2.641
-2.796
-2.423
-2.548
-2.641
-2.672
-2.662
-2.672
-2.651
-2.610
-2.651
-2.589
-2.620
-2.620
-2.537
-2.558
-2.651
-2.548
-2.651
-2.610
-2.579
-2.599
-2.599
-2.662
-2.475
-2.527
-2.568
-2.599
-2.682
-2.672
-2.486
-2.527
-2.496
-2.548
-2.506
-2.537
-2.496
-2.506
-2.475
-2.506
-2.465
-2.548
-2.486
-2.465
-2.548
-2.434
-2.548
-2.454
-2.444
-2.486
-2.454
-2.475
-2.361
-2.496
-2.496
-2.434
-2.465
-2.434
-2.496
-2.558
-2.444
-2.527
-2.496
-2.486
-2.506
-2.475
-2.517
-2.496
-2.506
-2.506
-2.610
-2.506
-2.517
-2.465
-2.641
-2.496
-2.486
-2.496
-2.558
-2.465
-2.517
-2.517
-2.475
-2.517
-2.517
-2.517
-2.496
-2.496
-2.506
-2.465
-2.506
-2.486
-2.486
-2.558
-2.486
-2.444
-2.506
-2.506
-2.506
-2.486
-2.382
-2.465
-2.475
-2.475
-2.496
-2.506
-2.454
-2.548
-2.568
-2.475
-2.537
-2.465
-2.465
-2.548
-2.454
-2.465
-2.454
-2.413
-2.454
-2.403
-2.517
-2.444
-2.496
-2.527
-2.486
-2.475
-2.496
-2.351
-2.434
-2.465
-2.454
-2.247
-2.465
-2.454
-2.486
-2.486
-2.403
-2.444
-2.486
-2.506
-2.434
-2.496
-2.610
-2.496
-2.486
-2.486
-2.465
-2.465
-2.465
-2.506
-2.537
-2.454
-2.527
-2.475
-2.444
-2.599
-2.527
-2.454
-2.434
-2.361
-2.465
-2.548
-2.434
-2.413
-2.413
-2.454
-2.434
-2.434
-2.175
-2.372
-2.413
-2.309
-2.330
-2.320
-2.403
-2.372
-2.330
-2.372
-2.320
-2.330
-2.403
-2.351
-2.392
-2.309
-2.403
-2.309
-2.372
-2.351
-2.372
-2.341
-2.320
-2.289
-2.237
-2.320
-2.413
-2.403
-2.403
-2.372
-2.268
-2.341
-2.372
-2.320
-2.382
-2.341
-2.299
-2.454
-2.403
-2.382
-2.320
-2.392
-2.382
-2.465
-2.434
-2.216
-2.444
-2.392
-2.227
-2.423
-2.423
-2.434
-2.434
-2.403
-2.444
-2.413
-2.351
-2.403
-2.486
-2.475
-2.382
-2.579
-2.413
-2.444
-2.423
-2.454
-2.454
-2.434
-2.527
-2.517
-2.351
-2.486
-2.392
-2.465
-2.382
-2.454
-2.434
-2.444
-2.320
-2.392
-2.444
-2.403
-2.351
-2.361
-2.351
-2.361
-2.309
-2.278
-2.309
-2.258
-2.309
-2.289
-2.289
-2.320
-2.247
-2.278
-2.330
-2.227
-2.258
-2.258
-2.020
-2.175
-2.247
-2.237
-2.247
-2.185
-2.247
-2.237
-2.258
-2.341
-2.309
-2.278
-2.258
-2.258
-2.278
-2.278
-2.268
-2.258
-2.258
-2.258
-2.309
-2.133
-2.320
-2.289
-2.299
-2.268
-2.299
-2.413
-2.330
-2.309
-2.320
-2.299
-2.351
-2.330
-2.289
-2.330
-2.372
-2.361
-2.299
-2.361
-2.299
-2.320
-2.144
-2.268
-2.258
-2.237
-2.175
-2.237
-2.185
-2.196
-2.144
-2.196
-2.185
-2.175
-2.175
-2.175
-2.144
-2.123
-2.165
-2.196
-2.144
-2.165
-2.144
-2.113
-2.206
-2.175
-2.185
-2.165
-2.123
-2.133
-2.154
-2.165
-2.216
-2.154
-2.206
-2.206
-2.227
-2.206
-2.196
-2.196
-2.216
-2.268
-2.237
-2.216
-2.165
-2.227
-2.196
-2.196
-2.175
-2.289
-2.165
-2.175
-2.144
-2.082
-2.154
-2.165
-2.061
-2.082
-2.071
-2.051
-2.082
-2.061
-2.071
-2.061
-2.206
-2.061
-2.154
-1.978
-2.144
-2.123
-2.123
-2.082
-2.113
-2.133
-2.133
-2.102
-2.154
-2.216
-2.175
-2.185
-2.289
-2.258
-2.227
-2.216
-2.165
-2.009
-2.175
-2.123
-2.154
-2.113
-2.133
-2.102
-1.875
-2.061
-2.051
-2.051
-2.113
-2.051
-2.071
-2.009
-2.071
-2.071
-2.051
-2.009
-1.926
-2.113
-2.030
-2.082
-2.061
-2.113
-2.071
-2.082
-2.102
-2.133
-2.175
-2.165
-2.071
-2.102
-2.165
-2.133
-2.309
-2.082
-2.092
-2.154
-1.843
-2.051
-2.113
-2.082
-2.082
-2.040
-2.061
-2.030
-2.051
-2.040
-1.947
-2.071
-1.988
-1.968
-2.051
-1.999
-2.082
-2.071
-2.030
-2.092
-2.030
-2.144
-2.030
-2.144
-2.144
-2.144
-2.154
-2.216
-2.268
-2.227
-2.299
-2.289
-2.309
-2.309
-2.351
-2.320
-2.392
-2.247
-2.330
-2.320
-2.361
-2.330
-2.423
-2.403
-2.382
-2.392
-2.392
-2.444
-2.361
-2.454
-2.465
-2.496
-2.413
-2.289
-2.496
-2.548
-2.434
-2.444
-2.434
-2.486
-2.517
-2.465
-2.496
-2.486
-2.496
-2.517
-2.558
-2.599
-2.506
-2.506
-2.517
-2.589
-2.579
-2.537
-2.548
-2.558
-2.558
-2.568
-2.620
-2.641
-2.672
-2.693
-2.631
-2.599
-2.765
-2.558
-2.651
-2.734
-2.734
-2.744
-2.755
-2.744
-2.776
-2.755
-2.755
-2.848
-2.879
-2.838
-2.807
-2.910
-2.817
-2.848
-2.889
-2.848
-2.900
-2.941
-2.910
-2.941
-2.921
-2.921
-3.003
-3.003
-3.014
-2.972
-3.003
-2.972
-3.024
-2.941
-2.921
-2.931
-2.921
-2.931
-2.921
-2.962
-2.921
-2.827
-2.900
-2.931
-2.910
-2.869
-2.848
-2.879
-2.827
-2.827
-2.807
-2.807
-2.817
-2.682
-2.682
-2.786
-2.765
-2.765
-2.744
-2.869
-2.776
-2.755
-2.796
-2.744
-2.744
-2.713
-2.724
-2.734
-2.724
-2.744
-2.599
-2.713
-2.662
-2.641
-2.734
-2.724
-2.734
-2.807
-2.734
-2.724
-2.734
-2.776
-2.744
-2.693
-2.776
-2.734
-2.703
-2.434
-2.672
-2.776
-2.703
-2.848
-2.796
-2.776
-2.755
-2.744
-2.765
-2.744
-2.713
-2.921
-2.755
-2.724
-2.713
-2.786
-2.734
-2.776
-2.776
-2.744
-2.776
-2.776
-2.786
-2.776
-2.755
-2.765
-2.796
-2.848
-2.517
-2.713
-2.734
-2.776
-2.796
-2.807
-2.755
-2.693
-2.786
-2.776
-2.776
-2.765
-2.755
-2.889
-2.713
-2.755
-2.755
-2.693
-2.682
-2.786
-2.713
-2.765
-2.765
-2.755
-2.744
-2.744
-2.734
-2.734
-2.765
-2.672
-2.662
-2.610
-2.713
-2.589
-2.786
-2.724
-2.662
-2.786
-2.703
-2.672
-2.724
-2.589
-2.631
-2.651
-2.651
-2.610
-2.579
-2.610
-2.631
-2.651
-2.610
-2.579
-2.662
-2.589
-2.693
-2.620
-2.610
-2.517
-2.548
-2.444
-2.496
-2.558
-2.309
-2.558
-2.620
-2.599
-2.558
-2.589
-2.568
-2.599
-2.651
-2.610
-2.568
-2.599
-2.589
-2.620
-2.537
-2.548
-2.537
-2.641
-2.537
-2.662
-2.672
-2.372
-2.599
-2.589
-2.610
-2.599
-2.610
-2.610
-2.620
-2.662
-2.703
-2.631
-2.693
-2.599
-2.610
-2.703
-2.672
-2.672
-2.662
-2.599
-2.641
-2.672
-2.765
-2.610
-2.724
-2.724
-2.724
-2.641
-2.693
-2.465
-2.662
-2.724
-2.713
-2.724
-2.682
-2.734
-2.682
-2.631
-2.786
-2.662
-2.765
-2.744
-2.682
-2.703
-2.713
-2.796
-2.672
-2.744
-2.734
-2.693
-2.776
-2.734
-2.703
-2.776
-2.558
-2.786
-2.786
-2.765
-2.765
-2.744
-2.755
-2.807
-2.796
-2.807
-2.931
-2.817
-2.838
-2.900
-2.827
-2.869
-2.869
-2.900
-2.900
-2.889
-2.879
-2.931
-2.879
-2.858
-2.910
-2.983
-2.879
-2.869
-2.765
-2.931
-2.921
-2.931
-2.900
-2.889
-2.931
-2.900
-2.921
-2.910
-2.889
-2.879
-2.921
-2.910
-2.941
-2.858
-2.900
-2.869
-2.921
-2.962
-2.941
-2.910
-2.796
-2.962
-2.900
-3.003
-2.931
-2.879
-2.910
-2.910
-2.889
-2.921
-2.910
-2.889
-2.910
-2.941
-2.921
-2.879
-2.941
-2.858
-2.931
-2.869
-2.858
-2.900
-2.848
-3.003
-2.889
-2.910
-2.889
-2.879
-2.962
-2.931
-2.921
-2.972
-2.993
-2.941
-2.869
-2.910
-2.879
-2.972
-3.097
-2.972
-3.045
-2.972
-2.879
-2.952
-2.910
-2.889
-2.931
-2.889
-2.858
-2.889
-2.817
-2.589
-2.703
-2.962
-2.879
-2.900
-2.921
-2.848
-2.931
-2.827
-2.786
-2.765
-2.786
-2.796
-2.734
-2.620
-2.776
-2.724
-2.972
-2.755
-2.869
-2.776
-2.744
-2.651
-2.734
-2.786
-2.786
-2.755
-2.765
-2.776
-2.703
-2.755
-2.734
-2.796
-2.786
-2.796
-2.827
-2.827
-2.796
-2.817
-2.848
-2.724
-2.796
-2.848
-2.848
-2.713
-2.817
-2.817
-2.931
-2.921
-2.952
-2.858
-2.921
-2.900
-2.931
-2.972
-2.879
-2.993
-2.983
-2.952
-3.107
-2.827
-2.931
-2.983
-3.076
-3.014
-2.972
-2.993
-2.869
-2.952
-3.024
-2.962
-2.962
-2.952
-3.014
-2.993
-2.972
-2.869
-2.993
-2.941
-2.713
-2.931
-2.941
-2.838
-2.848
-2.858
-2.848
-2.848
-2.858
-2.827
-2.869
-2.869
-2.879
-2.931
-2.858
-2.724
-2.755
-2.776
-2.776
-2.776
-2.744
-2.734
-2.796
-2.765
-2.724
-2.713
-2.776
-2.713
-2.765
-2.755
-2.755
-2.682
-2.796
-2.693
-2.765
-2.693
-2.734
-2.672
-2.744
-2.744
-2.765
-2.765
-2.765
-2.713
-2.765
-2.693
-2.734
-2.807
-2.786
-2.838
-2.765
-2.786
-2.786
-2.807
-2.827
-2.879
-2.869
-2.921
-2.879
-2.900
-2.817
-2.941
-2.993
-2.921
-2.900
-2.910
-2.941
-2.921
-2.941
-2.962
-3.086
-2.972
-2.983
-2.910
-2.962
-2.962
-3.003
-2.962
-3.066
-2.931
-2.972
-3.003
-2.972
-2.983
-3.024
-3.014
-2.972
-2.983
-2.941
-2.921
-2.931
-2.993
-2.910
-2.941
-2.910
-2.921
-2.931
-2.858
-2.931
-2.921
-2.921
-2.931
-2.972
-2.693
-2.972
-2.910
-2.900
-2.900
-2.962
-2.972
-2.952
-2.983
-2.941
-2.962
-2.962
-3.003
-2.931
-3.097
-2.983
-2.993
-3.014
-3.097
-3.024
-2.993
-3.117
-3.086
-3.066
-3.200
-3.097
-3.097
-3.107
-3.200
-3.128
-3.097
-3.159
-3.097
-3.128
-3.034
-3.242
-3.086
-3.055
-3.034
-3.045
-2.993
-2.972
-3.003
-2.972
-3.014
-3.014
-2.931
-3.024
-3.014
-2.952
-2.941
-3.024
-2.993
-2.910
-3.055
-2.983
-2.983
-2.962
-2.900
-2.983
-2.889
-2.962
-2.993
-2.921
-2.941
-2.941
-3.045
-3.024
-2.962
-3.086
-3.014
-3.034
-3.117
-3.107
-3.107
-3.128
-3.003
-3.107
-3.097
-3.107
-3.024
-3.159
-3.169
-3.014
-3.024
-2.962
-2.983
-3.014
-2.983
-2.931
-3.055
-2.931
-2.900
-2.993
-2.869
-2.889
-2.869
-2.869
-2.889
-2.910
-2.796
-2.879
-2.921
-2.879
-2.921
-2.962
-2.869
-2.858
-2.858
-2.869
-2.682
-2.879
-2.858
-2.817
-2.858
-2.921
-2.568
-2.931
-2.776
-2.983
-2.941
-2.858
-2.879
-2.869
-2.869
-2.838
-2.827
-2.682
-2.972
-2.869
-2.879
-2.817
-2.858
-2.900
-2.941
-2.910
-2.910
-2.931
-2.910
-2.931
-2.952
-2.889
-2.921
-2.983
-2.941
-3.066
-2.941
-2.941
-2.921
-3.034
-3.034
-3.024
-3.086
-3.003
-2.962
-3.014
-2.941
-2.983
-2.952
-2.931
-2.921
-2.962
-2.972
-2.952
-2.921
-2.972
-2.962
-2.962
-2.962
-2.910
-2.931
-2.952
-2.952
-2.900
-2.931
-2.910
-2.993
-2.962
-2.889
-2.962
-2.931
-2.941
-2.983
-2.972
-2.941
-2.983
-2.993
-3.045
-2.993
-3.055
-3.003
-3.066
-2.983
-3.034
-3.117
-3.138
-3.034
-3.128
-3.117
-3.066
-3.086
-3.055
-3.117
-3.221
-3.128
-3.055
-3.097
-3.014
-2.993
-3.055
-3.076
-2.983
-3.003
-2.972
-3.034
-2.983
-3.045
-2.983
-2.972
-3.003
-2.983
-2.972
-2.921
-2.952
-2.952
-2.972
-2.921
-2.972
-2.941
-2.900
-2.983
-2.962
-2.983
-2.952
-3.024
-2.972
-2.952
-2.952
-2.993
-2.962
-3.034
-2.972
-2.786
-3.034
-2.993
-2.921
-3.045
-3.066
-3.014
-3.086
-3.024
-3.003
-3.024
-3.034
-3.045
-3.024
-3.014
-2.983
-3.003
-2.993
-2.889
-2.941
-2.921
-2.921
-2.900
-2.941
-2.734
-3.014
-2.900
-2.848
-2.848
-2.879
-2.817
-2.827
-2.827
-2.817
-2.858
-2.693
-2.631
-2.817
-2.817
-2.869
-2.672
-2.765
-2.693
-2.682
-2.786
-2.703
-2.682
-2.724
-2.734
-2.807
-2.641
-2.662
-2.693
-2.765
-2.579
-2.744
-2.641
-2.599
-2.672
-2.651
-2.631
-2.392
-2.599
-2.672
-2.589
-2.589
-2.620
-2.631
-2.776
-2.765
-2.548
-2.620
-2.610
-2.558
-2.672
-2.537
-2.568
-2.579
-2.693
-2.579
-2.641
-2.589
-2.548
-2.537
-2.548
-2.496
-2.537
-2.651
-2.568
-2.486
-2.496
-2.558
-2.527
-2.496
-2.486
-2.496
-2.620
-2.537
-2.568
-2.568
-2.548
-2.631
-2.558
-2.537
-2.620
-2.475
-2.548
-2.662
-2.568
-2.537
-2.631
-2.631
-2.465
-2.558
-2.548
-2.631
-2.620
-2.599
-2.579
-2.631
-2.734
-2.599
-2.662
-2.610
-2.527
-2.672
-2.651
-2.610
-2.589
-2.486
-2.641
-2.641
-2.672
-2.589
-2.693
-2.579
-2.724
-2.599
-2.713
-2.703
-2.672
-2.734
-2.693
-2.672
-2.579
-2.734
-2.713
-2.724
-2.724
-2.734
-2.765
-2.889
-2.744
-2.786
-2.744
-2.786
-2.817
-2.817
-2.838
-2.693
-2.827
-2.827
-2.869
-2.848
-2.858
-2.838
-2.879
-2.838
-2.869
-2.900
-2.869
-2.879
-2.972
-2.879
-2.900
-2.921
-2.993
-2.931
-2.879
-2.972
-3.045
-3.014
-2.993
-3.003
-2.993
-2.921
-2.931
-2.962
-2.952
-2.827
-2.972
-2.931
-2.941
-2.952
-2.952
-2.952
-3.003
-3.014
-2.941
-3.045
-2.910
-2.921
-3.003
-2.962
-2.972
-2.983
-2.993
-3.066
-2.952
-2.972
-3.024
-3.066
-3.055
-3.076
-3.076
-3.128
-3.117
-3.097
-3.128
-3.107
-3.138
-3.159
-3.148
-3.138
-3.086
-3.211
-3.200
-3.252
-3.231
-3.200
-3.221
-3.231
-3.169
-3.200
-3.211
-3.179
-3.138
-3.138
-3.138
-3.076
-3.138
-3.169
-3.159
-3.190
-3.159
-3.097
-3.138
-3.097
-3.148
-3.200
-3.117
-3.159
-3.159
-3.138
-3.190
-3.138
-2.993
-3.190
-3.169
-3.262
-3.179
-3.211
-3.242
-3.293
-3.304
-3.283
-3.190
-3.211
-3.179
-3.179
-3.190
-3.138
-3.034
-2.879
-3.045
-3.200
-2.941
-2.983
-3.086
-3.117
-3.014
-3.034
-3.003
-3.014
-2.972
-3.045
-3.045
-3.159
-3.076
-2.993
-3.097
-2.972
-2.713
-3.086
-3.034
-3.055
-2.952
-3.097
-3.107
-3.138
-3.211
-2.889
-3.211
-3.221
-3.179
-3.190
-3.211
-3.159
-3.086
-3.107
-3.117
-3.128
-3.055
-3.128
-3.066
-3.107
-3.045
-3.138
-3.138
-2.983
-2.962
-3.024
-2.972
-3.097
-3.076
-3.076
-3.055
-3.024
-3.066
-3.055
-2.962
-3.024
-2.848
-3.024
-3.148
-3.086
-3.034
-3.190
-2.941
-3.242
-3.179
-3.128
-3.211
-3.231
-3.200
-3.252
-3.366
-3.314
-3.262
-3.262
-3.262
-3.179
-3.242
-3.159
-3.169
-3.190
-3.086
-3.190
-3.190
-3.138
-3.179
-3.148
-3.138
-3.138
-3.169
-3.066
-3.117
-3.107
-3.169
-3.117
-2.952
-3.107
-3.179
-3.200
-3.159
-3.169
-3.169
-3.200
-3.179
-3.190
-3.211
-3.221
-3.283
-3.169
-3.179
-3.128
-3.159
-3.148
-3.128
-3.107
-3.097
-3.107
-3.066
-3.076
-3.055
-3.003
-3.055
-2.972
-3.107
-2.993
-2.983
-2.931
-3.034
-2.972
-2.931
-2.921
-2.952
-2.993
-2.972
-2.921
-3.045
-2.993
-2.910
-3.014
-2.983
-2.993
-2.972
-2.993
-3.024
-2.983
-3.024
-3.034
-3.034
-3.034
-3.034
-2.921
-3.066
-3.045
-3.045
-3.066
-3.076
-3.034
-3.045
-3.076
-3.076
-3.055
-3.045
-3.086
-3.034
-2.983
-3.034
-3.014
-2.983
-3.076
-2.941
-2.941
-3.003
-2.921
-3.003
-2.921
-2.972
-2.931
-2.972
-2.962
-2.941
-2.952
-2.962
-3.086
-2.983
-3.024
-2.993
-3.055
-2.827
-3.003
-3.014
-2.993
-3.003
-3.034
-2.993
-2.962
-3.034
-3.179
-2.952
-3.045
-3.066
-2.838
-3.076
-3.076
-3.097
-3.097
-3.117
-3.076
-3.086
-3.086
-3.066
-3.179
-3.107
-3.159
-3.024
-3.024
-2.972
-3.107
-2.972
-2.993
-3.034
-2.910
-2.972
-2.972
-3.024
-2.879
-2.972
-2.952
-2.972
-2.931
-2.941
-2.879
-3.097
-2.889
-2.889
-2.879
-2.848
-2.879
-2.910
-2.879
-2.765
-2.776
-3.034
-2.910
-2.910
-2.910
-3.138
-2.972
-3.034
-3.034
-3.055
-3.024
-2.931
-3.045
-3.097
-3.086
-3.148
-3.107
-3.231
-3.138
-3.190
-3.066
-3.211
-3.076
-3.128
-3.159
-3.076
-3.117
-3.128
-3.066
-3.086
-3.024
-3.055
-3.055
-3.117
-3.066
-3.086
-3.086
-3.045
-3.076
-3.045
-2.952
-2.817
-3.148
-3.107
-3.117
-3.128
-3.159
-3.200
-3.242
-3.179
-3.200
-3.273
-3.107
-3.252
-3.314
-3.221
-3.387
-3.293
-3.262
-3.283
-3.169
-3.252
-3.221
-3.324
-3.179
-3.231
-3.211
-3.190
-3.190
-3.231
-3.128
-3.211
-3.221
-3.179
-3.231
-3.293
-3.262
-3.211
-3.345
-3.335
-3.387
-3.387
-3.376
-3.469
-3.469
-3.407
-3.418
-3.418
-3.438
-3.355
-3.428
-3.511
-3.262
-3.387
-3.273
-3.376
-3.273
-3.314
-3.314
-3.314
-3.293
-3.262
-3.273
-3.262
-3.273
-3.262
-3.459
-3.283
-3.293
-3.366
-3.376
-3.293
-3.355
-3.366
-3.324
-3.376
-3.376
-3.335
-3.304
-3.221
-3.262
-3.293
-3.211
-3.190
-3.283
-3.345
-3.148
-3.097
-3.076
-2.921
-3.128
-3.076
-3.045
-3.107
-3.066
-3.107
-3.003
-3.066
-3.138
-3.045
-3.055
-3.034
-3.128
-3.045
-3.117
-3.097
-3.107
-3.066
-3.086
-3.148
-3.117
-3.159
-3.148
-3.117
-3.159
-3.211
-3.128
-3.045
-3.045
-3.148
-3.117
-3.055
-3.024
-3.066
-3.066
-2.952
-2.972
-3.076
-2.952
-3.014
-3.024
-2.962
-2.921
-2.879
-2.972
-2.941
-2.900
-2.879
-2.910
-2.941
-2.869
-2.879
-2.931
-2.869
-2.962
-3.014
-2.910
-2.879
-2.869
-2.931
-2.910
-2.817
-2.848
-2.900
-2.952
-2.972
-2.952
-2.962
-2.921
-2.900
-2.941
-2.921
-2.983
-2.921
-3.045
-3.045
-3.097
-3.045
-3.003
-3.066
-2.869
-3.024
-3.086
-3.055
-3.055
-3.055
-3.045
-3.055
-2.858
-3.014
-3.024
-2.972
-2.983
-3.003
-2.993
-3.024
-3.003
-3.003
-2.921
-2.900
-2.921
-2.931
-3.107
-3.014
-3.003
-2.900
-2.910
-2.827
-2.983
-3.003
-2.858
-3.014
-2.879
-2.952
-2.931
-2.972
-2.983
-2.983
-3.076
-2.962
-3.034
-2.972
-2.952
-2.765
-3.045
-3.034
-3.024
-3.003
-3.117
-3.034
-2.941
-3.128
-3.324
-3.148
-3.024
-3.086
-3.055
-3.034
-3.066
-3.034
-3.055
-3.014
-3.024
-2.962
-2.827
-2.900
-2.952
-2.931
-3.003
-2.972
-2.796
-2.931
-2.900
-2.910
-2.869
-2.879
-2.900
-2.796
-2.879
-2.858
-2.827
-2.755
-2.796
-2.858
-2.807
-2.765
-2.765
-2.941
-2.848
-2.786
-2.796
-2.838
-2.755
-2.786
-2.744
-2.672
-2.734
-2.796
-2.734
-2.724
-2.682
-2.744
-2.724
-2.724
-2.786
-2.744
-2.744
-2.682
-2.724
-2.693
-2.713
-2.682
-2.744
-2.724
-2.620
-2.724
-2.703
-2.734
-2.734
-2.755
-2.672
-2.703
-2.734
-2.734
-2.724
-2.713
-2.682
-2.765
-2.713
-2.724
-2.734
-2.703
-2.713
-2.682
-2.703
-2.713
-2.713
-2.693
-2.744
-2.724
-2.744
-2.734
-2.724
-2.744
-2.713
-2.744
-2.848
-2.744
-2.744
-2.765
-2.713
-2.786
-2.734
-2.786
-2.599
-2.713
-2.807
-2.734
-2.796
-2.765
-2.765
-2.765
-2.765
-2.796
-2.776
-2.776
-2.765
-2.755
-2.776
-2.744
-2.786
-2.889
-2.765
-2.755
-2.807
-2.807
-2.765
-2.734
-2.776
-2.786
-2.817
-2.807
-2.755
-2.900
-2.744
-2.537
-2.817
-2.744
-2.807
-2.807
-2.744
-2.765
-2.765
-2.744
-2.776
-2.724
-2.786
-2.755
-2.755
-2.693
-2.693
-2.755
-2.724
-2.651
-2.796
-2.713
-2.744
-2.776
-2.765
-2.724
-2.755
-2.776
-2.724
-2.589
-2.724
-2.693
-2.672
-2.724
-2.662
-2.744
-2.776
-2.776
-2.796
-2.817
-2.786
-2.734
-2.755
-2.744
-2.817
-2.662
-2.734
-2.827
-2.776
-2.786
-2.817
-2.827
-2.848
-2.786
-2.869
-2.786
-2.838
-2.786
-2.776
-2.848
-2.776
-2.765
-2.807
-2.827
-2.827
-2.869
-2.827
-2.807
-2.765
-2.921
-2.776
-2.724
-2.734
-2.776
-2.817
-2.807
-2.817
-2.817
-2.858
-2.703
-2.765
-2.620
-2.807
-2.838
-2.744
-2.807
-2.796
-2.807
-2.848
-2.848
-2.858
-2.848
-2.910
-2.817
-2.838
-2.869
-2.796
-2.879
-2.900
-2.869
-2.838
-2.858
-2.817
-2.910
-2.858
-2.993
-2.983
-2.962
-2.941
-2.931
-2.952
-2.921
-2.931
-2.983
-2.993
-2.952
-2.952
-2.941
-2.983
-3.003
-3.024
-2.972
-2.962
-2.931
-3.024
-2.972
-2.931
-2.993
-2.921
-2.910
-2.962
-2.869
-2.900
-3.014
-2.776
-2.910
-2.972
-2.858
-2.962
-2.807
-2.848
-2.848
-2.900
-2.838
-2.869
-2.838
-2.869
-2.869
-2.921
-2.879
-2.858
-2.724
-2.776
-2.838
-2.827
-2.879
-2.952
-2.838
-2.817
-2.817
-2.858
-2.796
-2.879
-2.869
-2.786
-2.817
-2.858
-2.817
-2.827
-2.776
-2.879
-2.900
-2.838
-2.827
-2.869
-2.879
-2.817
-2.941
-2.910
-2.848
-2.910
-2.910
-2.879
-2.921
-2.983
-2.941
-2.941
-2.889
-2.952
-2.941
-2.952
-2.962
-2.962
-3.086
-2.889
-2.941
-2.931
-3.034
-2.838
-2.921
-2.962
-2.962
-3.055
-2.921
-2.879
-2.889
-2.931
-2.921
-2.962
-2.869
-2.869
-2.931
-2.900
-2.941
-2.579
-2.889
-2.889
-2.827
-2.848
-2.879
-2.817
-2.993
-2.869
-2.931
-2.838
-2.807
-2.838
-2.796
-2.817
-2.786
-2.838
-2.838
-2.817
-2.838
-2.858
-2.724
-2.848
-2.817
-2.807
-2.931
-2.910
-2.858
-2.838
-2.900
-2.827
-2.796
-2.889
-2.889
-2.921
-2.921
-2.931
-2.962
-2.931
-2.889
-2.952
-2.910
-2.931
-2.900
-2.921
-2.910
-2.952
-2.972
-2.972
-2.962
-2.962
-2.972
-2.952
-2.889
-2.879
-3.055
-2.952
-2.941
-2.941
-2.941
-2.900
-3.034
-2.941
-2.807
-2.889
-2.910
-2.879
-2.900
-2.620
-2.931
-2.910
-2.807
-2.838
-2.827
-3.076
-2.786
-2.952
-2.817
-2.838
-2.817
-2.952
-2.817
-2.817
-2.744
-2.765
-2.858
-2.858
-2.827
-2.807
-2.765
-2.858
-2.724
-2.869
-2.807
-2.807
-2.796
-2.744
-2.786
-2.620
-2.776
-2.755
-2.734
-2.827
-2.796
-2.807
-2.786
-2.765
-2.796
-2.807
-2.807
-2.807
-2.755
-2.662
-2.796
-2.703
-2.931
-2.858
-2.838
-2.931
-2.838
-2.921
-2.869
-2.817
-2.879
-2.869
-2.827
-2.827
-2.889
-2.889
-2.869
-2.848
-2.827
-2.869
-2.858
-2.993
-2.858
-2.900
-2.889
-2.838
-2.889
-2.869
-2.869
-2.848
-3.024
-2.807
-2.838
-2.869
-2.807
-2.838
-2.921
-2.848
-2.817
-2.838
-2.921
-2.910
-2.827
-2.786
-2.838
-2.786
-2.817
-2.838
-2.610
-2.817
-2.838
-2.786
-2.796
-2.817
-2.776
-2.765
-2.807
-2.755
-2.744
-2.786
-2.724
-2.796
-2.734
-2.786
-2.486
-2.765
-2.734
-2.693
-2.765
-2.724
-2.744
-2.713
-2.517
-2.713
-2.744
-2.713
-2.879
-2.713
-2.776
-2.755
-2.765
-2.776
-2.734
-2.765
-2.755
-2.744
-2.744
-2.765
-2.734
-2.744
-2.755
-2.796
-2.703
-2.755
-2.744
-2.776
-2.703
-2.724
-2.755
-2.755
-2.744
-2.879
-2.765
-2.765
-2.786
-2.610
-2.776
-2.755
-2.796
-2.817
-2.807
-2.776
-2.869
-2.869
-2.807
-2.817
-2.827
-2.848
-2.827
-2.879
-2.869
-2.879
-2.858
-2.900
-2.931
-2.900
-2.921
-2.972
-2.952
-2.952
-2.972
-2.993
-3.003
-3.003
-3.014
-3.076
-3.034
-3.003
-3.076
-3.076
-3.014
-3.024
-3.014
-2.910
-2.962
-3.066
-2.941
-2.755
-2.952
-2.931
-2.931
-3.034
-2.858
-2.910
-2.952
-2.910
-2.858
-2.869
-2.869
-2.838
-2.889
-2.817
-2.889
-2.879
-2.838
-2.900
-2.838
-2.807
-2.796
-2.858
-2.869
-2.807
-2.848
-2.796
-2.827
-2.889
-2.869
-2.900
-2.921
-2.889
-2.827
-2.983
-2.879
-2.921
-2.952
-2.952
-3.045
-2.972
-2.921
-2.972
-2.921
-2.962
-3.003
-2.962
-3.045
-3.242
-3.024
-3.086
-3.086
-3.076
-3.200
-3.055
-3.055
-3.034
-3.055
-3.066
-2.972
-2.962
-3.107
-3.003
-3.003
-2.931
-3.066
-3.034
-3.003
-3.003
-3.179
-2.941
-3.024
-2.941
-2.993
-3.014
-3.014
-2.910
-3.076
-3.086
-3.034
-3.003
-3.024
-3.097
-3.066
-3.066
-3.159
-3.066
-3.148
-3.179
-3.252
-3.086
-3.262
-3.283
-3.221
-3.252
-3.304
-3.293
-3.221
-3.324
-3.283
-3.262
-3.190
-3.252
-3.252
-3.231
-3.314
-3.097
-3.200
-3.179
-3.262
-3.211
-3.345
-3.107
-3.179
-3.231
-3.190
-3.200
-3.221
-3.283
-3.262
-3.273
-3.304
-3.242
-3.304
-3.293
-3.335
-3.283
-3.273
-3.273
-3.345
-3.200
-3.283
-3.179
-2.921
-3.179
-3.148
-3.148
-3.148
-3.169
-3.190
-3.076
-3.066
-3.024
-3.097
-3.076
-3.097
-3.242
-3.066
-3.076
-3.086
-3.128
-3.045
-3.066
-3.076
-3.066
-3.024
-3.045
-3.003
-3.045
-3.014
-3.086
-3.148
-3.086
-3.066
-3.076
-3.107
-3.055
-3.086
-3.066
-3.066
-3.076
-3.034
-3.034
-2.993
-3.045
-3.003
-2.972
-2.952
-2.962
-3.003
-2.972
-2.952
-2.941
-2.941
-2.952
-2.869
-2.889
-2.858
-2.848
-2.910
-2.910
-2.724
-2.869
-2.848
-2.900
-2.869
-2.889
-2.869
-2.910
-2.921
-2.921
-2.900
-2.879
-2.910
-2.910
-2.952
-2.724
-2.962
-2.952
-2.962
-2.952
-2.983
-2.993
-2.993
-3.034
-3.003
-3.034
-3.003
-3.045
-3.097
-3.076
-3.117
-3.128
-3.097
-3.097
-3.086
-3.117
-3.107
-3.138
-3.097
-3.034
-3.076
-3.076
-2.921
-3.045
-3.045
-3.097
-3.066
-2.993
-3.117
-2.734
-2.993
-2.910
-3.003
-2.941
-2.941
-2.972
-3.086
-3.076
-3.097
-2.941
-2.962
-2.931
-2.941
-2.993
-2.952
-2.962
-2.921
-2.952
-2.931
-3.086
-3.003
-2.993
-3.055
-3.003
-2.972
-3.034
-3.003
-2.962
-3.148
-3.014
-3.045
-3.055
-3.169
-3.076
-3.086
-3.117
-3.055
-3.086
-3.034
-3.003
-3.003
-3.045
-3.034
-2.858
-3.024
-3.066
-3.014
-2.952
-2.962
-3.034
-3.045
-3.024
-2.972
-2.941
-3.097
-2.827
-2.952
-2.879
-2.941
-2.910
-2.941
-2.921
-2.910
-2.983
-2.869
-2.941
-2.921
-2.879
-2.858
-2.941
-2.900
-2.889
-2.941
-2.952
-2.941
-2.931
-2.972
-2.931
-2.941
-2.962
-2.941
-3.024
-2.931
-2.952
-2.962
-2.879
-2.858
-2.993
-2.910
-2.983
-3.076
-2.983
-2.993
-2.993
-3.045
-3.024
-2.972
-3.024
-3.024
-3.034
-2.972
-2.962
-2.972
-2.952
-3.014
-3.014
-2.993
-2.983
-2.921
-2.993
-2.983
-2.962
-2.993
-2.972
-2.993
-2.983
-2.972
-2.972
-3.003
-3.024
-3.024
-3.003
-3.045
-3.159
-3.097
-3.076
-3.055
-3.076
-3.097
-3.076
-3.086
-3.128
-2.879
-3.138
-3.148
-3.128
-3.169
-3.169
-3.169
-3.273
-3.169
-3.231
-3.221
-3.190
-3.179
-3.231
-3.179
-3.169
-3.117
-3.117
-3.128
-3.003
-3.231
-3.097
-3.097
-3.045
-3.097
-3.045
-3.034
-3.024
-3.045
-3.128
-3.034
-3.045
-3.034
-3.169
-3.045
-3.086
-3.086
-3.055
-3.055
-3.086
-2.993
-3.097
-3.148
-3.148
-3.097
-3.179
-3.159
-3.169
-3.283
-3.200
-3.190
-3.190
-3.169
-3.148
-3.138
-3.200
-3.159
-3.169
-3.107
-3.097
-3.117
-3.086
-3.138
-3.107
-2.889
-3.117
-3.107
-3.138
-3.097
-3.117
-3.097
-3.117
-3.128
-3.097
-3.138
-3.148
-3.138
-3.148
-3.179
-3.221
-3.200
-3.242
-3.221
-3.252
-3.262
-3.231
-3.252
-3.262
-3.262
-3.242
-3.345
-3.221
-3.200
-3.314
-3.190
-3.148
-3.179
-3.200
-3.148
-3.190
-3.159
-3.076
-3.190
-3.221
-3.252
-3.190
-3.117
-3.148
-3.211
-3.211
-3.190
-3.211
-3.262
-3.211
-3.242
-3.252
-3.293
-3.242
-3.231
-3.345
-3.324
-3.221
-3.283
-3.252
-3.221
-3.190
-3.138
-3.097
-3.138
-3.086
-3.097
-3.107
-3.055
