-1.771
-1.698
-1.667
-1.750
-1.647
-1.761
-1.688
-1.657
-1.719
-1.750
-1.698
-1.750
-1.709
-1.968
-1.812
-1.875
-1.926
-1.875
-1.854
-1.864
-1.885
-1.843
-1.761
-1.885
-1.792
-1.802
-1.781
-1.771
-1.792
-1.812
-1.781
-1.553
-1.792
-1.812
-1.709
-1.812
-1.833
-1.812
-1.823
-1.802
-1.626
-1.895
-1.885
-1.937
-1.864
-1.854
-1.885
-1.761
-1.688
-1.750
-1.740
-1.761
-1.730
-1.709
-1.740
-1.771
-1.709
-1.750
-1.781
-1.802
-1.802
-1.823
-1.802
-1.895
-1.875
-1.926
-1.875
-1.875
-1.885
-1.833
-1.843
-1.812
-1.833
-1.823
-1.802
-1.792
-1.761
-1.843
-1.750
-1.740
-1.771
-1.740
-1.781
-1.616
-1.812
-1.823
-1.833
-1.854
-1.906
-1.926
-1.916
-1.916
-2.040
-1.812
-1.843
-1.833
-1.771
-1.843
-1.833
-1.812
-1.812
-1.781
-1.802
-1.792
-1.761
-1.771
-1.771
-1.802
-1.823
-1.771
-1.823
-1.843
-1.864
-1.885
-1.885
-1.937
-1.916
-1.926
-1.926
-1.885
-1.885
-1.864
-1.926
-1.864
-1.761
-1.926
-1.792
-1.854
-1.698
-1.792
-1.792
-1.812
-1.812
-1.740
-1.833
-1.864
-1.875
-1.895
-1.937
-1.864
-1.947
-1.947
-1.937
-1.978
-1.957
-1.937
-1.937
-1.916
-1.916
-1.906
-1.906
-1.864
-1.947
-1.833
-1.843
-1.864
-1.823
-1.895
-1.864
-1.895
-1.885
-1.895
-1.916
-1.761
-1.968
-1.968
-1.978
-1.999
-2.009
-2.092
-2.040
-2.040
-2.030
-2.051
-2.051
-1.999
-2.123
-1.988
-1.968
-1.978
-1.968
-1.937
-1.885
-1.926
-1.895
-1.957
-2.061
-1.895
-1.947
-1.895
-1.926
-1.947
-1.916
-1.947
-1.926
-1.988
-1.978
-2.061
-2.133
-2.030
-2.040
-2.247
-2.020
-1.988
-2.154
-2.030
-1.978
-2.040
-1.988
-1.999
-1.968
-1.937
-1.926
-1.833
-1.968
-1.957
-1.988
-1.957
-1.947
-1.906
-2.030
-1.906
-1.916
-1.968
-2.061
-1.999
-2.082
-1.988
-1.916
-2.009
-2.165
-2.133
-2.061
-2.009
-2.061
-1.968
-2.061
-2.030
-1.978
-1.999
-2.030
-2.009
-1.978
-1.926
-1.988
-1.823
-1.895
-1.978
-1.895
-1.885
-1.926
-1.926
-1.947
-1.947
-1.978
-1.875
-2.030
-2.020
-1.968
-2.020
-1.864
-2.009
-2.092
-2.113
-2.071
-2.051
-1.864
-2.009
-1.968
-1.885
-1.916
-1.885
-1.947
-1.854
-1.978
-1.781
-1.957
-1.906
-1.885
-1.843
-1.926
-1.636
-1.885
-1.895
-1.947
-1.916
-1.937
-1.968
-1.988
-2.020
-2.009
-2.061
-2.020
-2.040
-2.009
-1.999
-1.947
-1.937
-1.978
-1.937
-1.916
-1.937
-1.937
-1.812
-1.916
-1.885
-1.843
-1.833
-1.875
-1.864
-1.906
-1.906
-1.885
-1.895
-1.916
-2.009
-1.957
-2.020
-1.947
-2.051
-2.009
-1.988
-1.947
-1.937
-1.926
-1.947
-1.885
-1.854
-1.875
-1.854
-1.875
-1.978
-1.823
-1.812
-1.771
-1.833
-1.812
-1.843
-1.750
-1.833
-1.854
-1.875
-1.875
-1.937
-1.937
-1.988
-1.968
-1.988
-1.926
-2.020
-1.957
-1.947
-1.947
-1.906
-1.906
-1.875
-1.906
-1.895
-1.802
-1.875
-1.709
-1.812
-1.937
-1.854
-1.875
-1.906
-1.864
-1.968
-1.926
-1.937
-1.957
-1.812
-2.020
-2.009
-2.030
-2.113
-2.009
-2.030
-1.988
-1.792
-2.009
-1.968
-1.937
-1.999
-1.947
-1.926
-1.937
-1.926
-1.885
-1.895
-1.916
-1.854
-1.937
-1.802
-1.833
-1.916
-1.937
-1.957
-1.916
-1.937
-1.957
-1.968
-2.082
-2.082
-2.020
-2.020
-1.957
-2.030
-1.937
-1.978
-1.937
-2.051
-1.957
-1.916
-1.864
-1.885
-1.875
-1.875
-1.854
-1.875
-1.854
-1.781
-1.947
-1.812
-1.978
-1.926
-2.020
-1.957
-1.916
-1.926
-2.009
-1.968
-1.968
-1.937
-1.957
-1.926
-1.906
-1.843
-1.864
-1.864
-1.823
-1.926
-1.781
-1.823
-1.750
-1.781
-1.771
-1.792
-1.812
-1.533
-1.781
-1.854
-1.812
-1.864
-1.823
-1.719
-1.864
-2.020
-1.916
-2.009
-1.978
-1.864
-1.926
-1.895
-1.885
-1.781
-1.916
-1.771
-1.792
-1.833
-1.730
-1.833
-1.823
-1.771
-1.802
-1.802
-1.864
-1.875
-1.926
-1.854
-1.843
-1.947
-1.885
-1.968
-1.978
-2.061
-2.009
-1.978
-1.957
-1.937
-1.885
-2.071
-1.937
-1.854
-1.533
-1.812
-1.864
-1.926
-1.823
-1.916
-1.802
-2.030
-1.812
-1.875
-1.947
-1.906
-1.937
-1.968
-1.926
-1.926
-1.957
-2.051
-1.771
-2.082
-2.030
-2.133
-1.999
-1.947
-2.020
-2.009
-1.999
-2.009
-1.978
-1.968
-1.781
-1.895
-1.947
-1.968
-1.957
-1.988
-1.968
-1.916
-1.937
-1.843
-1.988
-1.978
-1.978
-1.968
-1.947
-2.278
-2.009
-2.071
-2.051
-2.092
-2.113
-2.102
-2.165
-2.051
-2.258
-2.102
-2.113
-2.092
-2.051
-1.947
-2.113
-2.009
-2.040
-1.978
-2.206
-2.009
-2.009
-1.978
-1.978
-2.051
-2.030
-2.030
-1.988
-2.020
-2.040
-1.636
-2.040
-1.988
-1.957
-2.123
-2.071
-2.092
-2.030
-2.102
-2.144
-1.947
-2.144
-2.144
-2.154
-2.175
-2.206
-2.175
-2.092
-2.061
-2.216
-2.092
-2.092
-2.092
-2.009
-2.020
-2.009
-1.999
-1.988
-1.999
-1.988
-1.988
-2.009
-1.937
-2.051
-1.978
-2.009
-2.071
-1.968
-2.102
-2.020
-2.051
-2.040
-2.061
-2.082
-2.092
-2.175
-2.144
-2.102
-2.196
-2.061
-2.082
-2.051
-2.061
-2.051
-2.040
-2.051
-2.040
-2.009
-2.040
-1.947
-1.978
-2.030
-1.988
-1.978
-1.957
-2.009
-1.988
-2.061
-2.040
-1.999
-1.926
-2.144
-2.030
-2.030
-2.061
-2.102
-2.051
-2.061
-2.071
-2.113
-2.154
-2.040
-2.165
-2.154
-2.123
-2.113
-2.092
-2.051
-2.071
-1.999
-2.123
-2.175
-1.999
-1.906
-2.051
-2.051
-1.771
-2.040
-2.061
-1.978
-1.999
-2.040
-2.061
-2.040
-2.123
-2.227
-2.102
-2.133
-2.030
-2.092
-2.092
-2.082
-2.133
-2.216
-2.237
-2.133
-2.258
-2.165
-2.227
-2.247
-2.517
-2.299
-2.330
-2.227
-2.258
-2.278
-2.309
-2.258
-2.341
-2.268
-2.247
-2.227
-2.258
-2.258
-2.165
-2.123
-2.185
-2.196
-1.926
-2.165
-2.123
-2.165
-2.258
-2.185
-2.113
-2.196
-2.133
-2.175
-2.185
-2.154
-2.092
-2.061
-2.165
-2.196
-2.123
-2.154
-2.196
-2.165
-2.196
-2.258
-2.154
-2.092
-2.227
-2.247
-2.258
-2.341
-2.341
-2.268
-2.434
-2.278
-2.299
-2.196
-2.289
-2.227
-2.268
-2.216
-2.227
-2.206
-2.216
-2.175
-2.196
-2.175
-2.144
-2.144
-2.113
-2.133
-2.144
-2.123
-2.113
-2.082
-2.102
-2.102
-2.071
-2.061
-2.082
-2.154
-2.113
-2.061
-2.061
-2.051
-2.082
-2.154
-2.175
-2.123
-2.123
-2.196
-2.165
-2.144
-2.165
-2.165
-2.144
-2.123
-2.123
-2.102
-2.061
-2.030
-2.071
-2.020
-2.071
-1.999
-1.999
-2.020
-2.082
-1.978
-2.020
-1.978
-1.988
-1.926
-1.968
-1.895
-1.875
-1.916
-1.978
-1.957
-1.937
-1.978
-1.999
-2.009
-1.947
-2.051
-2.020
-2.061
-2.051
-2.040
-1.978
-2.061
-2.009
-1.926
-2.082
-1.957
-1.999
-1.937
-1.926
-1.916
-1.885
-2.040
-1.926
-1.885
-1.833
-1.833
-1.833
-1.937
-1.926
-1.926
-1.926
-2.020
-1.968
-1.978
-2.009
-2.030
-2.030
-2.071
-2.030
-2.082
-1.968
-1.988
-1.947
-2.030
-1.926
-1.947
-2.030
-1.750
-1.926
-1.926
-1.916
-1.854
-1.968
-1.999
-1.854
-1.864
-1.864
-1.843
-1.968
-1.957
-1.968
-1.875
-1.957
-2.030
-2.040
-2.061
-2.009
-2.102
-2.082
-2.102
-2.020
-1.968
-2.040
-2.030
-2.009
-2.040
-1.957
-1.978
-1.999
-1.957
-1.978
-1.678
-1.968
-1.988
-1.875
-1.968
-1.968
-1.895
-1.926
-2.009
-1.999
-1.937
-1.926
-1.978
-1.999
-2.020
-1.988
-2.102
-2.040
-2.061
-2.175
-2.071
-2.020
-1.988
-2.030
-2.061
-1.978
-1.999
-1.968
-2.009
-1.947
-1.885
-1.864
-1.937
-1.833
-1.947
-1.947
-1.833
-1.926
-1.947
-2.020
-1.854
-1.947
-1.957
-2.082
-1.926
-1.988
-2.071
-1.968
-2.051
-1.957
-2.061
-2.071
-2.061
-2.071
-1.988
-1.906
-1.906
-2.009
-1.937
-1.895
-1.906
-1.875
-1.843
-1.937
-1.895
-1.781
-1.885
-1.906
-1.875
-1.885
-1.875
-1.895
-1.926
-1.916
-1.895
-1.978
-2.009
-1.988
-1.937
-2.051
-1.937
-2.040
-1.968
-1.916
-1.843
-1.937
-1.761
-1.864
-1.957
-1.833
-1.823
-1.823
-1.771
-1.802
-1.875
-1.833
-1.885
-1.854
-1.875
-1.854
-2.051
-1.926
-1.947
-2.061
-1.926
-1.926
-1.968
-1.937
-1.916
-1.926
-1.843
-1.895
-1.875
-1.843
-1.771
-1.833
-1.802
-1.781
-1.843
-1.885
-1.802
-1.802
-1.802
-1.812
-1.906
-1.843
-1.895
-1.999
-1.968
-1.895
-1.906
-1.926
-1.895
-1.885
-1.957
-1.833
-1.937
-1.761
-1.812
-1.812
-1.885
-1.792
-1.823
-1.761
-1.761
-1.947
-1.812
-1.792
-1.802
-1.812
-1.885
-1.937
-1.947
-1.947
-1.957
-1.895
-1.937
-1.937
-1.833
-1.885
-1.906
-1.926
-1.854
-1.864
-1.823
-1.864
-1.781
-1.833
-1.833
-1.854
-1.771
-1.781
-1.833
-1.833
-1.854
-1.854
-1.926
-1.875
-1.906
-1.916
-1.968
-1.937
-1.978
-1.906
-1.916
-1.916
-1.895
-1.926
-1.875
-1.916
-1.864
-1.895
-1.854
-1.854
-1.864
-1.864
-1.833
-1.895
-1.854
-1.864
-1.854
-1.875
-1.906
-1.843
-1.947
-1.947
-1.947
-1.843
-2.009
-1.792
-2.030
-1.957
-1.978
-1.937
-1.978
-1.926
-1.947
-1.875
-1.926
-1.875
-1.916
-1.885
-1.895
-1.885
-1.864
-1.937
-1.698
-1.926
-1.916
-1.937
-1.947
-1.937
-1.895
-1.968
-1.957
-1.988
-2.009
-2.051
-1.781
-2.040
-2.102
-1.978
-2.040
-2.051
-1.926
-1.926
-2.020
-1.875
-1.947
-1.926
-1.978
-1.906
-1.957
-1.978
-1.947
-1.978
-1.978
-1.895
-2.020
-1.978
-1.864
-1.978
-1.968
-1.968
-2.040
-2.040
-2.040
-2.030
-2.123
-2.061
-2.092
-2.092
-2.154
-1.999
-1.957
-2.051
-2.009
-1.916
-1.916
-1.926
-1.988
-1.916
-1.885
-1.906
-1.719
-1.957
-1.937
-1.999
-1.988
-1.916
-1.906
-1.968
-1.906
-1.916
-1.978
-2.082
-1.978
-2.071
-2.144
-2.133
-2.123
-2.133
-2.196
-2.123
-2.082
-2.082
-2.092
-2.154
-1.999
-2.071
-2.102
-1.988
-2.051
-2.040
-1.833
-2.040
-2.071
-2.061
-2.020
-1.916
-1.988
-1.957
-1.999
-2.009
-1.999
-2.009
-2.020
-2.133
-1.999
-1.792
-2.030
-2.040
-1.885
-2.092
-2.071
-2.144
-2.009
-2.102
-2.009
-2.020
-2.009
-1.916
-1.957
-1.937
-1.885
-1.947
-1.906
-1.502
-1.906
-1.823
-1.906
-1.864
-1.875
-1.926
-1.885
-1.926
-1.875
-1.916
-1.937
-1.854
-1.957
-1.988
-1.761
-2.051
-1.999
-1.947
-1.988
-1.926
-1.926
-1.895
-1.885
-1.657
-1.947
-1.864
-1.916
-1.812
-1.875
-1.885
-1.823
-1.812
-1.864
-1.885
-1.792
-1.823
-1.854
-1.833
-1.916
-1.968
-1.937
-1.916
-1.885
-1.926
-1.916
-1.906
-1.833
-1.895
-1.812
-1.802
-1.781
-1.781
-1.761
-1.792
-1.761
-1.761
-1.698
-1.719
-1.740
-1.854
-1.761
-1.823
-1.916
-1.885
-1.823
-1.875
-1.854
-1.875
-1.875
-1.792
-1.864
-1.937
-1.781
-1.771
-1.636
-1.761
-1.750
-1.740
-1.667
-1.698
-1.761
-1.440
-1.719
-1.730
-1.823
-1.771
-1.895
-1.823
-1.843
-1.854
-1.823
-1.750
-1.843
-1.823
-1.771
-1.698
-1.730
-1.719
-1.761
-1.647
-1.709
-1.585
-1.626
-1.740
-1.781
-1.647
-1.688
-1.802
-1.812
-1.761
-1.854
-1.833
-1.833
-1.812
-1.750
-1.761
-1.781
-1.698
-1.678
-1.605
-1.678
-1.678
-1.709
-1.719
-1.616
-1.657
-1.854
-1.719
-1.698
-1.740
-1.740
-1.864
-1.781
-1.792
-1.854
-1.750
-1.781
-1.605
-1.823
-1.698
-1.719
-1.688
-1.709
-1.667
-1.678
-1.543
-1.616
-1.564
-1.719
-1.533
-1.698
-1.730
-1.647
-1.709
-1.792
-1.740
-1.895
-1.730
-1.678
-1.719
-1.719
-1.595
-1.647
-1.730
-1.667
-1.709
-1.667
-1.543
-1.595
-1.688
-1.605
-1.761
-1.730
-1.574
-1.678
-1.781
-1.761
-1.740
-1.740
-1.781
-1.719
-1.730
-1.761
-1.678
-1.667
-1.709
-1.626
-1.574
-1.667
-1.626
-1.667
-1.616
-1.647
-1.719
-1.688
-1.678
-1.771
-1.875
-1.709
-1.719
-1.730
-1.657
-1.636
-1.719
-1.657
-1.626
-1.616
-1.595
-1.636
-1.730
-1.564
-1.667
-1.626
-1.595
-1.481
-1.626
-1.678
-1.750
-1.781
-1.698
-1.698
-1.667
-1.636
-1.667
-1.709
-1.553
-1.595
-1.585
-1.553
-1.533
-1.585
-1.522
-1.585
-1.636
-1.616
-1.553
-1.564
-1.730
-1.698
-1.709
-1.730
-1.647
-1.595
-1.595
-1.574
-1.605
-1.512
-1.295
-1.574
-1.574
-1.481
-1.533
-1.595
-1.336
-1.574
-1.595
-1.647
-1.647
-1.636
-1.657
-1.657
-1.709
-1.512
-1.595
-1.585
-1.522
-1.502
-1.533
-1.522
-1.553
-1.585
-1.543
-1.667
-1.574
-1.595
-1.667
-1.636
-1.667
-1.636
-1.636
-1.616
-1.491
-1.533
-1.533
-1.564
-1.543
-1.512
-1.512
-1.553
-1.481
-1.512
-1.574
-1.564
-1.616
-1.647
-1.647
-1.605
-1.636
-1.533
-1.471
-1.574
-1.481
-1.522
-1.512
-1.533
-1.471
-1.471
-1.512
-1.491
-1.564
-1.502
-1.616
-1.605
-1.595
-1.616
-1.605
-1.616
-1.564
-1.553
-1.585
-1.512
-1.595
-1.543
-1.471
-1.460
-1.616
-1.460
-1.647
-1.512
-1.471
-1.730
-1.616
-1.626
-1.408
-1.605
-1.605
-1.616
-1.553
-1.522
-1.522
-1.626
-1.553
-1.502
-1.553
-1.491
-1.533
-1.502
-1.543
-1.553
-1.564
-1.616
-1.616
-1.585
-1.647
-1.616
-1.491
-1.377
-1.719
-1.491
-1.481
-1.512
-1.502
-1.481
-1.419
-1.512
-1.543
-1.502
-1.522
-1.585
-1.471
-1.585
-1.512
-1.626
-1.543
-1.512
-1.574
-1.543
-1.471
-1.605
-1.357
-1.574
-1.336
-1.481
-1.429
-1.522
-1.709
-1.585
-1.595
-1.543
-1.616
-1.709
-1.543
-1.595
-1.553
-1.326
-1.533
-1.460
-1.460
-1.502
-1.377
-1.408
-1.595
-1.522
-1.564
-1.326
-1.657
-1.626
-1.616
-1.595
-1.574
-1.574
-1.564
-1.440
-1.502
-1.429
-1.388
-1.491
-1.574
-1.522
-1.491
-1.522
-1.502
-1.595
-1.574
-1.564
-1.605
-1.512
-1.512
-1.481
-1.460
-1.543
-1.522
-1.419
-1.398
-1.419
-1.450
-1.450
-1.491
-1.512
-1.502
-1.543
-1.553
-1.553
-1.429
-1.481
-1.512
-1.471
-1.398
-1.408
-1.346
-1.181
-1.367
-1.429
-1.408
-1.429
-1.408
-1.450
-1.263
-1.543
-1.491
-1.616
-1.481
-1.388
-1.429
-1.170
-1.377
-1.377
-1.305
-1.346
-1.388
-1.326
-1.440
-1.408
-1.481
-1.512
-1.367
-1.471
-1.450
-1.377
-1.346
-1.388
-1.440
-1.336
-1.357
-1.263
-1.305
-1.367
-1.357
-1.377
-1.460
-1.574
-1.533
-1.460
-1.460
-1.367
-1.336
-1.367
-1.326
-1.336
-1.377
-1.305
-1.367
-1.315
-1.263
-1.346
-1.533
-1.471
-1.471
-1.429
-1.471
-1.440
-1.377
-1.377
-1.305
-1.336
-1.305
-1.367
-1.326
-1.346
-1.533
-1.398
-1.502
-1.429
-1.512
-1.460
-1.440
-1.481
-1.408
-1.346
-1.388
-1.388
-1.367
-1.295
-1.357
-1.357
-1.440
-1.419
-1.440
-1.481
-1.471
-1.522
-1.346
-1.481
-1.440
-1.512
-1.346
-1.357
-1.367
-1.377
-1.367
-1.367
-1.388
-1.388
-1.491
-1.553
-1.481
-1.522
-1.512
-1.471
-1.481
-1.481
-1.357
-1.398
-1.450
-1.440
-1.440
-1.408
-1.388
-1.450
-1.450
-1.440
-1.553
-1.564
-1.481
-1.595
-1.595
-1.502
-1.481
-1.491
-1.408
-1.367
-1.429
-1.460
-1.408
-1.481
-1.357
-1.460
-1.450
-1.543
-1.522
-1.595
-1.585
-1.688
-1.605
-1.481
-1.522
-1.502
-1.460
-1.481
-1.419
-1.367
-1.657
-1.450
-1.543
-1.481
-1.481
-1.595
-1.626
-1.709
-1.595
-1.719
-1.574
-1.636
-1.647
-1.502
-1.512
-1.553
-1.512
-1.564
-1.533
-1.502
-1.512
-1.471
-1.574
-1.564
-1.595
-1.585
-1.647
-1.698
-1.688
-1.616
-1.553
-1.564
-1.626
-1.543
-1.481
-1.585
-1.564
-1.460
-1.481
-1.502
-1.522
-1.502
-1.440
-1.553
-1.564
-1.616
-1.647
-1.678
-1.574
-1.585
-1.595
-1.543
-1.502
-1.336
-1.440
-1.212
-1.481
-1.564
-1.481
-1.481
-1.533
-1.574
-1.626
-1.616
-1.574
-1.688
-1.605
-1.595
-1.688
-1.553
-1.564
-1.533
-1.522
-1.460
-1.367
-1.440
-1.440
-1.460
-1.533
-1.357
-1.543
-1.574
-1.595
-1.460
-1.626
-1.605
-1.585
-1.595
-1.564
-1.481
-1.471
-1.471
-1.450
-1.460
-1.460
-1.460
-1.481
-1.481
-1.543
-1.533
-1.595
-1.605
-1.553
-1.585
-1.522
-1.543
-1.491
-1.481
-1.460
-1.408
-1.440
-1.440
-1.429
-1.460
-1.440
-1.512
-1.502
-1.522
-1.574
-1.585
-1.543
-1.522
-1.522
-1.502
-1.450
-1.450
-1.419
-1.450
-1.429
-1.491
-1.419
-1.502
-1.388
-1.512
-1.460
-1.522
-1.553
-1.471
-1.512
-1.512
-1.440
-1.450
-1.429
-1.419
-1.377
-1.440
-1.471
-1.367
-1.429
-1.450
-1.450
-1.522
-1.512
-1.564
-1.543
-1.512
-1.429
-1.398
-1.481
-1.429
-1.398
-1.440
-1.305
-1.408
-1.419
-1.377
-1.450
-1.450
-1.512
-1.533
-1.522
-1.678
-1.574
-1.616
-1.491
-1.440
-1.419
-1.367
-1.429
-1.481
-1.295
-1.398
-1.450
-1.460
-1.502
-1.585
-1.730
-1.657
-1.605
-1.564
-1.553
-1.585
-1.512
-1.564
-1.626
-1.367
-1.533
-1.522
-1.533
-1.543
-1.388
-1.657
-1.595
-1.771
-1.657
-1.709
-1.761
-1.636
-1.657
-1.678
-1.698
-1.605
-1.543
-1.605
-1.667
-1.502
-1.595
-1.750
-1.626
-1.605
-1.585
-1.626
-1.585
-1.626
-1.657
-1.667
-1.667
-1.719
-1.667
-1.574
-1.616
-1.585
-1.657
-1.574
-1.636
-1.616
-1.585
-1.709
-1.616
-1.647
-1.533
-1.730
-1.678
-1.688
-1.605
-1.667
-1.730
-1.875
-1.792
-1.698
-1.657
-1.667
-1.740
-1.688
-1.636
-1.564
-1.636
-1.626
-1.543
-1.616
-1.595
-1.595
-1.564
-1.740
-1.719
-1.792
-1.740
-1.761
-1.823
-1.792
-1.730
-1.595
-1.750
-1.750
-1.657
-1.812
-1.698
-1.667
-1.605
-1.533
-1.719
-1.698
-1.709
-1.719
-1.730
-1.781
-1.854
-1.812
-1.864
-1.854
-1.885
-1.802
-1.875
-1.740
-1.906
-1.626
-1.761
-1.750
-1.781
-1.771
-1.709
-1.771
-1.730
-1.761
-1.750
-1.771
-1.761
-1.771
-1.730
-1.843
-1.812
-1.833
-1.875
-1.895
-1.812
-2.082
-1.937
-1.709
-1.854
-1.906
-1.833
-1.864
-1.843
-1.719
-1.843
-1.926
-1.781
-1.771
-1.823
-1.730
-1.843
-1.781
-1.802
-1.812
-1.885
-1.864
-1.937
-1.978
-1.843
-1.968
-2.061
-1.978
-1.947
-2.030
-2.020
-1.957
-1.947
-1.906
-1.978
-1.916
-1.885
-1.906
-1.761
-1.875
-1.864
-1.968
-1.875
-1.864
-1.885
-1.895
-1.978
-1.761
-1.885
-1.916
-1.937
-1.968
-1.988
-1.906
-2.061
-1.926
-2.009
-1.999
-1.957
-1.947
-1.999
-1.937
-2.040
-1.916
-1.875
-1.864
-1.906
-1.864
-1.771
-1.823
-1.761
-1.792
-1.823
-1.823
-1.802
-1.843
-1.875
-1.854
-1.864
-1.864
-1.895
-1.968
-1.916
-1.926
-2.020
-1.843
-1.833
-1.854
-1.906
-1.771
-1.812
-1.812
-1.802
-1.761
-1.761
-1.771
-1.771
-1.761
-1.730
-1.812
-1.709
-1.771
-1.781
-1.854
-1.916
-1.885
-1.906
-1.843
-1.875
-1.864
-1.833
-1.833
-1.802
-1.802
-1.802
-1.688
-1.657
-1.698
-1.761
-1.647
-1.647
-1.750
-1.636
-1.781
-1.688
-1.719
-1.781
-1.667
-1.740
-1.823
-1.812
-1.740
-1.895
-1.812
-1.771
-1.740
-1.781
-1.709
-1.792
-1.771
-1.761
-1.698
-1.616
-1.667
-1.740
-1.626
-1.585
-1.792
-1.792
-1.678
-1.678
-1.709
-1.792
-1.937
-1.854
-1.802
-1.761
-1.667
-1.792
-1.709
-1.678
-1.688
-1.522
-1.730
-1.750
-1.616
-1.688
-1.667
-1.750
-1.719
-1.771
-1.667
-1.802
-1.864
-1.854
-1.833
-1.771
-1.771
-1.761
-1.771
-1.740
-1.698
-1.761
-1.698
-1.657
-1.740
-1.667
-1.740
-1.709
-1.626
-1.698
-1.709
-1.740
-1.750
-1.781
-1.771
-1.895
-1.802
-1.875
-1.978
-1.802
-1.916
-1.875
-1.812
-1.698
-1.750
-1.698
-1.792
-1.719
-1.719
-1.657
-1.730
-1.698
-1.719
-1.740
-1.647
-1.771
-1.792
-1.843
-1.843
-1.864
-1.854
-1.926
-1.885
-1.895
-1.833
-1.843
-1.823
-1.823
-1.812
-1.802
-1.833
-1.802
-1.781
-1.812
-1.761
-1.843
-1.833
-1.802
-1.771
-1.802
-1.823
-1.875
-1.864
-2.030
-1.916
-1.957
-1.947
-1.926
-1.926
-1.947
-1.937
-1.885
-1.916
-1.895
-1.875
-1.843
-1.937
-1.854
-1.843
-1.843
-1.833
-1.875
-1.885
-1.864
-1.864
-1.906
-1.885
-1.916
-1.926
-1.947
-1.978
-1.988
-1.999
-2.030
-2.009
-2.030
-1.968
-1.978
-1.937
-1.957
-1.957
-1.916
-1.895
-1.937
-1.937
-1.895
-1.926
-1.906
-1.906
-1.895
-1.906
-1.906
-1.895
-1.937
-2.113
-1.926
-1.957
-1.999
-1.999
-1.978
-2.051
-1.926
-2.051
-2.082
-2.040
-2.071
-2.040
-1.988
-2.040
-2.040
-1.988
-1.988
-1.978
-1.947
-1.957
-1.937
-1.937
-1.833
-1.916
-1.947
-1.916
-1.926
-1.895
-1.885
-1.999
-1.957
-2.030
-2.051
-1.968
-1.968
-2.040
-2.061
-1.937
-2.071
-2.082
-2.082
-2.113
-2.061
-2.051
-2.082
-2.102
-2.009
-1.823
-1.988
-1.947
-1.926
-2.040
-1.885
-1.968
-1.906
-1.906
-1.947
-1.895
-1.926
-1.957
-1.978
-1.895
-1.926
-1.885
-1.957
-1.957
-1.978
-1.937
-2.040
-2.061
-1.988
-2.009
-2.092
-1.968
-1.999
-2.113
-2.020
-2.051
-1.926
-1.885
-1.885
-1.864
-1.812
-1.906
-1.916
-1.864
-1.906
-1.916
-1.916
-1.864
-1.895
-1.968
-1.916
-1.988
-1.937
-1.937
-1.978
-1.937
-1.968
-2.009
-1.947
-2.113
-1.999
-1.875
-1.978
-1.771
-1.875
-1.968
-1.916
-1.812
-1.854
-1.895
-1.885
-1.947
-1.854
-1.875
-1.802
-1.864
-1.843
-1.781
-1.968
-1.937
-1.957
-1.999
-1.947
-1.999
-2.009
-2.020
-2.030
-2.071
-1.957
-2.123
-1.937
-1.988
-1.698
-1.885
-1.885
-1.916
-1.843
-1.854
-1.875
-1.833
-1.906
-1.864
-1.864
-1.926
-1.843
-1.916
-1.947
-1.926
-1.885
-1.906
-2.061
-1.968
-2.061
-2.102
-2.040
-2.102
-2.092
-2.082
-2.102
-2.092
-2.040
-2.133
-2.030
-1.978
-2.102
-2.030
-1.978
-2.030
-2.040
-2.020
-1.978
-1.978
-2.009
-1.988
-1.957
-2.040
-2.061
-1.947
-1.978
-1.968
-2.040
-1.978
-2.102
-2.071
-2.040
-2.071
-2.082
-2.071
-2.102
-2.133
-2.154
-2.144
-2.102
-2.102
-2.030
-2.051
-2.020
-1.999
-1.988
-2.020
-2.009
-2.113
-1.988
-2.123
-1.968
-1.988
-1.947
-1.988
-1.916
-1.885
-2.030
-1.937
-1.978
-1.999
-1.947
-1.999
-2.020
-2.030
-1.999
-2.051
-2.071
-2.051
-2.144
-2.082
-2.051
-2.040
-2.061
-2.061
-2.009
-1.968
-1.957
-1.968
-1.957
-1.937
-1.968
-1.988
-1.978
-1.926
-1.937
-1.957
-1.957
-1.937
-2.061
-1.968
-1.957
-1.988
-1.988
-1.999
-1.988
-2.133
-1.864
-2.020
-2.154
-2.102
-2.082
-2.061
-2.051
-2.030
-1.999
-1.957
-1.978
-1.999
-1.957
-1.730
-1.916
-1.978
-1.864
-1.947
-1.947
-1.854
-2.040
-1.947
-1.802
-1.916
-1.895
-1.823
-1.988
-1.978
-1.937
-1.999
-2.030
-1.988
-2.113
-2.113
-2.113
-2.092
-2.071
-1.999
-2.030
-2.030
-1.947
-2.020
-2.009
-1.947
-1.957
-1.926
-1.833
-1.926
-1.833
-2.030
-1.895
-1.812
-1.926
-1.895
-1.885
-1.926
-1.968
-1.937
-2.009
-1.999
-1.906
-2.040
-2.071
-1.885
-2.082
-2.071
-1.988
-1.999
-2.061
-1.916
-2.030
-1.999
-1.875
-1.937
-1.937
-1.895
-1.875
-2.040
-1.916
-1.926
-1.895
-1.926
-1.864
-1.926
-1.988
-1.947
-1.947
-1.937
-1.937
-1.988
-2.082
-1.988
-2.071
-2.082
-2.051
-2.082
-1.978
-2.061
-2.051
-2.020
-1.926
-1.906
-1.916
-1.988
-1.875
-1.885
-1.895
-1.833
-1.937
-1.937
-1.895
-1.864
-1.885
-1.916
-1.885
-1.937
-1.968
-1.823
-1.999
-1.978
-1.978
-2.051
-2.030
-2.061
-2.102
-2.061
-2.092
-2.009
-2.061
-2.082
-2.020
-2.030
-1.978
-1.999
-2.020
-1.978
-2.071
-1.926
-1.957
-2.071
-1.968
-1.988
-1.978
-2.009
-1.988
-1.988
-2.009
-1.999
-2.040
-2.009
-2.092
-2.071
-2.102
-2.133
-2.082
-2.092
-2.196
-2.154
-2.154
-2.133
-2.175
-2.175
-2.154
-2.165
-2.102
-2.133
-2.123
-2.092
-2.113
-2.051
-2.071
-2.165
-2.092
-2.082
-2.071
-2.061
-2.051
-2.061
-2.030
-2.071
-2.030
-2.051
-2.092
-2.071
-2.071
-2.040
-2.071
-2.102
-2.082
-2.133
-2.123
-2.144
-2.165
-2.154
-2.206
-2.237
-2.196
-2.258
-2.175
-2.165
-2.175
-2.185
-2.154
-2.092
-2.009
-2.071
-2.051
-2.061
-2.040
-2.051
-2.051
-2.123
-1.978
-2.020
-1.957
-2.009
-1.957
-1.999
-1.957
-1.999
-1.999
-1.999
-1.781
-2.009
-2.009
-1.916
-2.082
-2.040
-2.082
-2.113
-2.020
-2.206
-2.020
-2.020
-2.020
-2.009
-1.988
-1.947
-1.968
-1.926
-1.947
-1.843
-1.906
-1.885
-1.885
-1.843
-1.854
-1.875
-1.864
-1.843
-1.843
-1.875
-1.999
-1.864
-1.875
-2.009
-1.916
-1.947
-1.947
-1.988
-1.957
-1.926
-1.988
-1.875
-1.864
-1.605
-1.823
-1.802
-1.802
-1.771
-1.802
-1.730
-1.740
-1.698
-1.771
-1.802
-1.823
-1.843
-1.761
-1.823
-1.854
-1.854
-1.864
-1.895
-1.647
-1.812
-1.781
-1.792
-1.709
-1.730
-1.750
-1.657
-1.605
-1.719
-1.730
-1.657
-1.781
-1.688
-1.688
-1.678
-1.740
-1.678
-1.730
-1.792
-1.802
-1.823
-1.926
-1.750
-1.771
-1.781
-1.678
-1.740
-1.740
-1.709
-1.771
-1.636
-1.740
-1.740
-1.647
-1.781
-1.802
-1.678
-1.450
-1.750
-1.522
-1.812
-1.833
-1.792
-1.833
-1.957
-1.823
-1.771
-1.926
-1.771
-1.750
-1.781
-1.709
-1.709
-1.761
-1.771
-1.688
-1.740
-1.771
-1.771
-1.761
-1.761
-1.730
-1.792
-1.854
-1.812
-1.854
-1.885
-1.885
-1.864
-2.020
-1.906
-1.812
-1.781
-1.823
-1.854
-1.761
-1.750
-1.854
-1.730
-1.750
-1.802
-1.761
-1.792
-1.781
-1.771
-1.833
-1.833
-1.843
-1.875
-1.895
-1.885
-1.926
-1.978
-2.082
-1.926
-1.947
-1.885
-1.864
-1.916
-1.833
-1.864
-1.885
-1.926
-1.843
-1.605
-1.833
-1.854
-1.843
-1.895
-1.802
-1.833
-1.875
-1.864
-1.875
-1.875
-1.957
-1.926
-1.978
-1.988
-1.968
-2.030
-2.020
-1.957
-2.030
-1.926
-1.771
-1.937
-1.916
-1.916
-1.906
-1.885
-1.895
-1.854
-1.833
-2.009
-1.854
-1.885
-1.843
-1.885
-1.843
-1.864
-1.895
-1.916
-1.906
-1.906
-1.957
-1.968
-1.926
-1.957
-1.926
-1.947
-1.957
-1.854
-1.916
-1.916
-1.843
-1.802
-1.812
-1.781
-1.802
-1.812
-1.781
-1.792
-1.781
-1.812
-1.812
-1.802
-1.864
-1.864
-1.875
-1.875
-1.895
-1.916
-1.906
-1.875
-1.875
-1.926
-1.843
-1.864
-1.802
-1.812
-1.771
-1.709
-1.750
-1.771
-1.719
-1.730
-1.688
-1.812
-1.719
-1.750
-1.761
-1.771
-1.667
-1.802
-1.833
-1.875
-1.864
-1.812
-1.792
-1.812
-1.481
-1.761
-1.781
-1.698
-1.698
-1.698
-1.667
-1.688
-1.750
-1.657
-1.688
-1.688
-1.719
-1.740
-1.730
-1.843
-1.812
-1.947
-1.833
-1.761
-1.771
-1.802
-1.719
-1.730
-1.740
-1.719
-1.626
-1.730
-1.740
-1.750
-1.709
-1.491
-1.719
-1.709
-1.709
-1.719
-1.916
-1.771
-1.916
-1.947
-1.812
-1.812
-1.885
-1.906
-1.833
-1.854
-1.833
-1.771
-1.730
-1.740
-1.802
-1.812
-1.740
-1.750
-1.771
-1.709
-1.574
-1.792
-1.792
-1.792
-1.823
-1.823
-1.926
-1.885
-1.968
-1.947
-1.895
-1.937
-1.916
-1.885
-1.906
-1.885
-1.885
-1.895
-1.864
-1.926
-1.802
-1.875
-1.833
-1.916
-1.864
-1.719
-1.843
-1.792
-1.885
-1.895
-1.895
-1.854
-1.864
-1.947
-2.040
-1.968
-2.009
-1.999
-2.030
-2.020
-2.009
-1.988
-1.957
-1.947
-1.926
-1.947
-1.947
-2.061
-1.978
-1.947
-1.978
-1.937
-1.916
-1.926
-1.937
-1.926
-1.926
-1.926
-1.957
-1.968
-1.999
-1.947
-1.968
-2.030
-2.040
-2.071
-2.071
-2.092
-2.009
-2.144
-2.123
-2.113
-2.123
-2.102
-2.123
-2.102
-2.040
-2.102
-2.092
-2.071
-2.061
-1.864
-1.792
-2.020
-2.061
-1.999
-2.020
-2.092
-2.030
-2.051
-2.061
-2.009
-2.030
-2.071
-2.040
-2.092
-2.051
-2.082
-2.082
-2.123
-2.123
-2.133
-2.030
-2.299
-2.175
-2.237
-2.175
-2.196
-2.299
-2.216
-2.175
-2.175
-2.092
-2.154
-2.144
-2.133
-2.133
-2.123
-2.123
-2.247
-2.123
-2.082
-2.092
-2.144
-2.009
-2.061
-2.071
-2.092
-2.082
-2.082
-2.061
-2.051
-2.082
-2.082
-2.082
-2.144
-2.082
-2.113
-2.133
-2.144
-2.154
-2.185
-2.227
-2.196
-2.216
-2.237
-2.227
-2.247
-2.237
-2.258
-2.258
-2.206
-2.154
-2.216
-2.216
-2.289
-2.206
-2.165
-2.154
-2.165
-2.144
-2.144
-2.154
-2.123
-2.216
-2.102
-2.165
-2.144
-2.165
-2.196
-2.175
-2.206
-2.154
-2.175
-2.185
-2.185
-2.175
-2.175
-2.144
-2.237
-2.165
-2.289
-2.206
-2.216
-2.268
-2.165
-2.216
-2.258
-2.247
-2.278
-2.268
-2.258
-2.247
-2.403
-2.258
-2.247
-2.278
-2.351
-2.268
-2.320
-2.227
-2.216
-2.237
-2.144
-2.278
-2.154
-2.133
-2.133
-2.144
-2.237
-2.092
-2.165
-2.051
-2.175
-2.123
-2.123
-2.175
-2.123
-2.165
-2.123
-2.051
-2.102
-2.009
-2.144
-2.216
-2.113
-1.957
-2.196
-2.165
-2.165
-2.237
-2.227
-2.289
-2.206
-2.216
-2.196
-2.247
-2.196
-2.154
-2.268
-2.123
-2.268
-1.885
-2.258
-2.165
-2.133
-2.123
-2.102
-2.051
-2.102
-2.040
-2.071
-2.082
-2.040
-2.040
-1.999
-2.102
-2.030
-1.999
-2.030
-2.092
-1.937
-2.020
-2.009
-2.030
-2.051
-2.092
-2.071
-2.113
-2.102
-2.092
-2.113
-2.102
-2.102
-2.082
-2.154
-2.061
-2.040
-2.061
-2.051
-2.051
-1.999
-2.020
-1.978
-1.906
-1.906
-1.988
-1.926
-1.937
-1.937
-1.957
-1.916
-1.906
-1.937
-1.926
-1.937
-1.906
-1.957
-1.947
-1.957
-1.937
-2.051
-2.030
-2.040
-2.092
-1.999
-2.009
-1.988
-1.947
-1.937
-1.937
-1.885
-1.895
-1.864
-1.875
-1.895
-1.843
-1.854
-1.864
-1.843
-1.843
-1.585
-1.823
-1.885
-1.875
-1.864
-1.885
-1.926
-1.937
-1.895
-1.968
-1.926
-1.926
-1.926
-1.906
-1.906
-1.833
-1.688
-1.792
-1.771
-1.823
-1.792
-1.802
-1.761
-1.740
-1.771
-1.750
-1.750
-1.730
-1.730
-1.802
-1.937
-1.843
-1.875
-1.875
-1.906
-1.895
-1.875
-1.854
-1.854
-1.864
-1.761
-1.761
-1.740
-1.843
-1.750
-1.812
-1.740
-1.730
-1.585
-1.719
-1.730
-1.740
-1.750
-1.761
-1.802
-1.792
-1.833
-1.854
-1.823
-1.854
-1.843
-1.802
-1.802
-1.761
-1.750
-1.740
-1.740
-1.709
-1.833
-1.595
-1.678
-1.667
-1.585
-1.688
-1.750
-1.771
-1.750
-1.771
-1.781
-1.812
-1.854
-1.885
-1.823
-1.823
-1.771
-1.647
-1.730
-1.698
-1.823
-1.698
-1.802
-1.678
-1.667
-1.647
-1.657
-1.688
-1.626
-1.709
-1.709
-1.616
-1.740
-1.719
-1.730
-1.812
-1.864
-1.792
-1.719
-1.781
-1.812
-1.709
-1.730
-1.761
-1.657
-1.678
-1.678
-1.688
-1.761
-1.636
-1.688
-1.647
-1.698
-1.792
-1.750
-1.740
-1.823
-1.864
-1.833
-1.833
-1.771
-1.792
-1.698
-1.626
-1.709
-1.585
-1.709
-1.688
-1.595
-1.647
-1.698
-1.605
-1.678
-1.678
-1.460
-1.657
-1.719
-1.740
-1.761
-1.750
-1.771
-1.750
-1.698
-1.605
-1.698
-1.688
-1.667
-1.657
-1.585
-1.616
-1.564
-1.605
-1.647
-1.647
-1.667
-1.626
-1.678
-1.730
-1.719
-1.502
-1.750
-1.719
-1.667
-1.657
-1.657
-1.605
-1.585
-1.574
-1.595
-1.605
-1.585
-1.564
-1.564
-1.595
-1.553
-1.574
-1.647
-1.647
-1.647
-1.709
-1.667
-1.657
-1.657
-1.616
-1.605
-1.595
-1.533
-1.543
-1.543
-1.553
-1.522
-1.512
-1.533
-1.491
-1.585
-1.595
-1.647
-1.626
-1.678
-1.698
-1.647
-1.636
-1.647
-1.636
-1.574
-1.564
-1.553
-1.533
-1.533
-1.533
-1.512
-1.522
-1.574
-1.585
-1.605
-1.616
-1.636
-1.419
-1.657
-1.616
-1.595
-1.564
-1.574
-1.533
-1.512
-1.564
-1.512
-1.502
-1.502
-1.491
-1.533
-1.512
-1.533
-1.595
-1.626
-1.647
-1.667
-1.636
-1.626
-1.595
-1.574
-1.533
-1.522
-1.491
-1.481
-1.543
-1.481
-1.471
-1.491
-1.481
-1.512
-1.657
-1.585
-1.616
-1.626
-1.605
-1.564
-1.595
-1.512
-1.522
-1.491
-1.533
-1.471
-1.460
-1.460
-1.460
-1.471
-1.471
-1.512
-1.522
-1.574
-1.564
-1.605
-1.585
-1.564
-1.564
-1.491
-1.491
-1.491
-1.460
-1.460
-1.471
-1.450
-1.450
-1.450
-1.471
-1.522
-1.564
-1.626
-1.574
-1.605
-1.585
-1.585
-1.553
-1.553
-1.522
-1.481
-1.450
-1.533
-1.574
-1.471
-1.512
-1.440
-1.616
-1.408
-1.543
-1.667
-1.626
-1.616
-1.636
-1.688
-1.626
-1.564
-1.626
-1.522
-1.512
-1.512
-1.471
-1.512
-1.522
-1.367
-1.553
-1.595
-1.543
-1.595
-1.636
-1.616
-1.667
-1.657
-1.605
-1.709
-1.585
-1.512
-1.585
-1.543
-1.543
-1.522
-1.564
-1.595
-1.564
-1.564
-1.657
-1.626
-1.636
-1.657
-1.709
-1.709
-1.574
-1.460
-1.698
-1.647
-1.616
-1.636
-1.543
-1.502
-1.616
-1.585
-1.553
-1.574
-1.522
-1.605
-1.553
-1.522
-1.553
-1.647
-1.647
-1.678
-1.678
-1.626
-1.605
-1.585
-1.574
-1.553
-1.429
-1.502
-1.491
-1.667
-1.512
-1.471
-1.522
-1.543
-1.647
-1.564
-1.419
-1.730
-1.605
-1.574
-1.636
-1.574
-1.491
-1.585
-1.502
-1.481
-1.440
-1.429
-1.471
-1.481
-1.491
-1.543
-1.553
-1.553
-1.574
-1.585
-1.585
-1.471
-1.543
-1.543
-1.512
-1.471
-1.460
-1.491
-1.440
-1.440
-1.481
-1.440
-1.460
-1.471
-1.543
-1.616
-1.585
-1.616
-1.574
-1.553
-1.543
-1.626
-1.491
-1.512
-1.377
-1.429
-1.450
-1.502
-1.377
-1.460
-1.471
-1.491
-1.491
-1.564
-1.595
-1.595
-1.709
-1.543
-1.305
-1.522
-1.522
-1.481
-1.471
-1.481
-1.471
-1.440
-1.481
-1.460
-1.626
-1.553
-1.522
-1.667
-1.574
-1.616
-1.595
-1.522
-1.295
-1.481
-1.471
-1.440
-1.450
-1.429
-1.429
-1.429
-1.491
-1.450
-1.460
-1.512
-1.512
-1.533
-1.574
-1.605
-1.585
-1.564
-1.533
-1.512
-1.491
-1.357
-1.440
-1.481
-1.450
-1.440
-1.471
-1.450
-1.481
-1.512
-1.522
-1.574
-1.585
-1.616
-1.595
-1.585
-1.522
-1.533
-1.522
-1.450
-1.460
-1.450
-1.440
-1.460
-1.440
-1.440
-1.460
-1.502
-1.533
-1.543
-1.585
-1.543
-1.533
-1.533
-1.543
-1.429
-1.450
-1.440
-1.440
-1.346
-1.336
-1.253
-1.429
-1.512
-1.460
-1.491
-1.512
-1.512
-1.471
-1.533
-1.553
-1.491
-1.460
-1.471
-1.429
-1.429
-1.429
-1.419
-1.419
-1.398
-1.429
-1.471
-1.502
-1.533
-1.553
-1.574
-1.564
-1.512
-1.543
-1.491
-1.471
-1.471
-1.460
-1.377
-1.232
-1.440
-1.450
-1.450
-1.450
-1.481
-1.512
-1.616
-1.553
-1.553
-1.491
-1.429
-1.460
-1.450
-1.616
-1.502
-1.450
-1.440
-1.512
-1.481
-1.460
-1.429
-1.502
-1.522
-1.574
-1.585
-1.595
-1.585
-1.512
-1.605
-1.543
-1.533
-1.481
-1.440
-1.512
-1.512
-1.429
-1.460
-1.502
-1.512
-1.522
-1.626
-1.585
-1.564
-1.605
-1.595
-1.626
-1.574
-1.585
-1.585
-1.553
-1.502
-1.481
-1.440
-1.522
-1.440
-1.533
-1.512
-1.512
-1.564
-1.553
-1.574
-1.657
-1.616
-1.595
-1.595
-1.574
-1.533
-1.553
-1.450
-1.543
-1.512
-1.460
-1.533
-1.533
-1.481
-1.491
-1.667
-1.502
-1.533
-1.636
-1.616
-1.616
-1.616
-1.585
-1.564
-1.533
-1.595
-1.522
-1.512
-1.491
-1.533
-1.533
-1.533
-1.491
-1.522
-1.585
-1.564
-1.605
-1.636
-1.647
-1.626
-1.636
-1.626
-1.585
-1.585
-1.543
-1.574
-1.305
-1.491
-1.533
-1.522
-1.522
-1.522
-1.543
-1.657
-1.636
-1.678
-1.667
-1.657
-1.647
-1.678
-1.626
-1.636
-1.595
-1.553
-1.605
-1.326
-1.585
-1.564
-1.595
-1.616
-1.626
-1.792
-1.647
-1.678
-1.688
-1.730
-1.750
-1.750
-1.792
-1.812
-1.771
-1.740
-1.750
-1.719
-1.730
-1.698
-1.688
-1.688
-1.678
-1.667
-1.647
-1.626
-1.647
-1.667
-1.698
-1.698
-1.781
-1.564
-1.771
-1.792
-1.781
-1.781
-1.771
-1.761
-1.750
-1.740
-1.709
-1.698
-1.709
-1.709
-1.709
-1.667
-1.730
-1.553
-1.678
-1.709
-1.781
-1.730
-1.823
-1.802
-1.812
-1.605
-1.906
-1.968
-1.864
-1.875
-1.843
-1.854
-1.823
-1.802
-1.792
-1.781
-1.926
-1.761
-1.761
-1.792
-1.781
-1.781
-1.771
-1.781
-1.792
-1.823
-1.823
-1.823
-1.854
-1.854
-1.906
-1.926
-1.926
-1.937
-1.937
-2.030
-1.854
-1.885
-1.906
-1.885
-1.802
-1.875
-1.854
-1.864
-1.875
-1.854
-1.864
-1.843
-1.854
-1.843
-1.864
-1.895
-1.864
-1.864
-1.719
-1.781
-1.937
-2.009
-2.009
-1.926
-1.968
-1.968
-1.957
-2.030
-1.978
-1.957
-1.947
-1.926
-1.864
-1.843
-1.916
-1.823
-1.885
-1.843
-1.875
-1.812
-1.802
-1.864
-1.906
-1.854
-1.885
-1.947
-2.020
-1.926
-1.895
-1.937
-1.947
-2.071
-2.061
-2.051
-1.988
-1.937
-1.999
-1.906
-1.926
-1.968
-1.926
-1.926
-1.988
-1.843
-1.875
-1.885
-1.895
-1.885
-1.885
-1.906
-1.916
-1.895
-1.906
-1.947
-1.988
-1.999
-2.061
-2.009
-2.009
-2.092
-2.071
-2.071
-2.113
-2.061
-2.102
-2.009
-2.040
-2.051
-2.040
-2.144
-2.009
-2.009
-1.978
-1.978
-1.947
-1.957
-1.978
-2.051
-1.957
-1.968
-1.978
-1.978
-1.968
-2.020
-2.071
-2.030
-1.988
-1.988
-2.051
-2.051
-2.061
-2.102
-2.133
-2.092
-2.133
-2.144
-2.144
-2.133
-2.123
-2.102
-2.123
-2.092
-2.113
-2.082
-2.092
-2.082
-2.102
-2.061
-2.051
-2.144
-2.061
-2.071
-2.051
-2.030
-2.040
-2.040
-2.061
-2.102
-2.061
-2.040
-2.071
-2.082
-2.061
-2.092
-2.133
-2.113
-2.144
-2.196
-2.154
-2.175
-2.237
-2.351
-2.258
-2.278
-2.216
-2.247
-2.258
-2.268
-2.237
-2.237
-2.216
-2.216
-2.237
-2.206
-2.165
-2.165
-2.175
-2.175
-2.185
-2.133
-2.144
-2.123
-2.133
-2.144
-2.133
-2.123
-2.123
-2.102
-2.123
-2.113
-2.144
-2.133
-2.133
-2.144
-2.102
-2.133
-2.144
-2.123
-2.154
-2.175
-2.165
-2.175
-2.196
-1.978
-2.196
-2.227
-2.237
-2.258
-2.372
-2.289
-2.268
-2.258
-2.278
-2.278
-2.227
-2.268
-2.258
-2.258
-2.247
-2.268
-2.206
-2.227
-2.206
-2.216
-2.185
-2.113
-2.227
-2.196
-1.988
-2.020
-2.175
-2.154
-2.196
-2.216
-2.113
-2.154
-2.175
-2.175
-2.175
-2.196
-2.165
-2.247
-2.175
-2.299
-2.206
-2.165
-2.185
-2.227
-2.278
-2.216
-2.196
-2.258
-2.258
-2.351
-2.320
-2.330
-2.454
-2.320
-2.299
-2.454
-2.351
-2.382
-2.372
-2.278
-2.330
-2.454
-2.341
-2.206
-2.330
-2.341
-2.330
-2.382
-2.113
-2.361
-2.413
-2.320
-2.351
-2.351
-2.258
-2.278
-2.537
-2.320
-2.268
-2.154
-2.247
-2.237
-2.454
-2.216
-2.237
-2.206
-2.309
-2.237
-2.247
-2.258
-2.185
-2.247
-2.216
-2.258
-2.216
-2.258
-2.216
-2.247
-2.227
-2.082
-2.206
-2.258
-2.278
-2.196
-2.351
-2.206
-2.227
-2.299
-2.206
-2.320
-2.165
-2.268
-2.289
-2.320
-2.320
-2.330
-2.413
-2.247
-2.330
-2.351
-2.423
-2.372
-2.330
-2.051
-2.299
-2.320
-2.309
-2.185
-2.258
-2.247
-2.216
-2.185
-2.185
-2.206
-2.206
-2.071
-2.175
-2.320
-2.247
-2.175
-2.071
-2.154
-2.113
-2.144
-2.165
-2.123
-2.123
-2.144
-2.133
-2.133
-2.123
-2.082
-2.216
-2.133
-2.165
-2.144
-2.206
-2.175
-2.196
-2.206
-2.309
-2.227
-2.237
-2.247
-2.237
-2.227
-2.154
-2.175
-2.258
-2.165
-2.144
-2.133
-2.123
-2.133
-2.144
-2.123
-2.071
-2.071
-2.092
-2.092
-2.061
-2.040
-2.051
-1.916
-2.071
-2.051
-2.144
-1.978
-2.051
-2.040
-2.082
-2.061
-2.071
-2.071
-2.092
-2.102
-2.071
-2.113
-2.165
-2.144
-2.175
-2.206
-2.185
-2.196
-2.206
-2.113
-2.175
-2.185
-2.175
-2.154
-2.154
-1.968
-2.165
-2.123
-2.123
-2.102
-2.123
-2.092
-2.051
-2.082
-2.082
-2.082
-2.082
-1.999
-2.061
-2.051
-1.999
-2.144
-2.071
-2.061
-2.123
-2.092
-2.216
-2.092
-2.102
-2.123
-2.133
-2.144
-2.165
-2.175
-2.185
-2.258
-2.154
-2.309
-2.247
-2.196
-2.247
-2.258
-2.227
-2.196
-2.196
-2.206
-2.082
-2.247
-2.175
-2.102
-2.185
-2.113
-2.123
-2.133
-2.144
-2.071
-2.154
-2.102
-2.092
-2.102
-2.123
-2.102
-2.020
-2.154
-2.071
-2.144
-2.133
-2.082
-2.165
-2.154
-2.133
-2.185
-2.175
-2.185
-2.165
-2.216
-2.196
-2.278
-2.165
-2.237
-2.309
-2.175
-2.206
-2.216
-2.154
-2.175
-2.289
-2.102
-2.144
-2.144
-2.092
-2.165
-2.175
-2.227
-2.154
-2.175
-2.113
-2.216
-2.133
-2.123
-2.216
-2.102
-2.030
-2.123
-2.227
-2.102
-2.061
-2.102
-2.061
-2.123
-2.216
-2.144
-2.175
-2.133
-2.133
-2.154
-2.133
-2.175
-2.227
-2.268
-2.330
-2.227
-2.258
-2.268
-2.309
-2.351
-2.258
-2.258
-2.309
-2.206
-2.237
-2.165
-2.185
-2.175
-2.196
-2.165
-2.154
-2.154
-2.206
-2.092
-2.154
-2.175
-2.175
-2.113
-2.061
-2.123
-2.061
-2.113
-2.133
-2.123
-2.154
-2.092
-2.102
-2.154
-2.165
-2.278
-2.206
-2.113
-2.196
-2.185
-2.237
-2.185
-2.133
-2.247
-2.258
-2.247
-2.320
-2.309
-2.268
-2.320
-2.278
-2.309
-2.320
-2.278
-2.341
-2.268
-2.289
-2.165
-2.237
-2.247
-2.268
-2.227
-2.216
-2.227
-2.216
-2.196
-2.185
-2.196
-2.196
-2.165
-2.196
-2.144
-2.185
-2.165
-2.165
-2.175
-2.061
-2.144
-2.102
-2.165
-2.123
-2.123
-2.144
-2.165
-2.185
-2.206
-2.123
-2.258
-2.237
-2.237
-2.237
-2.247
-2.268
-2.154
-2.278
-2.289
-2.268
-2.372
-2.341
-2.330
-2.330
-2.289
-2.309
-2.299
-2.341
-2.299
-2.309
-2.278
-2.258
-2.289
-2.247
-2.165
-2.216
-2.227
-2.227
-2.227
-2.206
-2.185
-2.216
-2.185
-2.216
-2.247
-2.196
-2.237
-2.196
-2.144
-2.185
-2.268
-2.196
-2.154
-2.237
-2.175
-2.216
-2.216
-2.216
-2.196
-2.206
-2.227
-2.258
-2.113
-2.289
-2.351
-2.320
-2.299
-2.247
-2.289
-2.309
-2.320
-2.361
-2.268
-2.413
-2.403
-2.372
-2.392
-2.382
-2.351
-2.341
-2.382
-2.486
-2.330
-2.289
-2.372
-2.434
-2.309
-2.330
-2.258
-2.372
-2.216
-2.154
-2.268
-2.216
-2.289
-2.299
-2.278
-2.216
-2.351
-2.237
-2.237
-2.258
-2.216
-2.237
-2.216
-2.216
-2.227
-2.227
-2.216
-2.237
-2.268
-2.309
-2.206
-2.268
-2.206
-2.309
-2.278
-2.237
-2.175
-2.175
-2.227
-2.175
-2.185
-2.247
-2.268
-2.289
-2.309
-2.351
-2.268
-2.341
-2.309
-2.382
-2.413
-2.382
-2.320
-2.392
-2.423
-2.392
-2.403
-2.392
-2.361
-2.299
-2.309
-2.361
-2.341
-2.392
-2.361
-2.351
-2.258
-2.206
-2.258
-2.258
-2.247
-2.351
-2.309
-2.268
-2.278
-2.289
-2.227
-2.206
-2.247
-2.227
-2.258
-2.268
-2.237
-2.227
-2.185
-2.206
-2.372
-2.237
-2.196
-2.216
-2.165
-2.133
-2.175
-2.216
-2.237
-2.227
-2.206
-2.206
-2.227
-2.092
-2.227
-2.258
-2.185
-2.185
-2.247
-2.299
-2.278
-2.299
-2.278
-2.258
-2.258
-2.237
-2.216
-2.216
-2.185
-2.165
-2.216
-2.289
-1.999
-2.196
-2.144
-2.009
-2.020
-1.999
-2.051
-2.071
-2.154
-2.040
-2.040
-2.040
-2.020
-2.061
-2.071
-2.009
-2.040
-2.092
-2.040
-2.071
-2.051
-2.082
-2.102
-2.113
-2.133
-2.144
-2.133
-2.258
-2.144
-2.144
-2.071
-2.133
-2.144
-2.092
-2.102
-2.051
-2.051
-2.030
-2.061
-2.040
-2.009
-1.988
-1.957
-1.947
-1.988
-1.968
-2.051
-2.051
-1.957
-1.968
-1.895
-1.957
-1.968
-1.978
-1.978
-2.009
-2.009
-2.030
-2.071
-2.082
-2.071
-2.165
-2.092
-2.082
-2.061
-1.999
-2.020
-1.988
-2.092
-1.978
-1.937
-1.978
-1.926
-1.937
-1.926
-1.926
-1.926
-2.009
-1.937
-1.957
-1.854
-1.926
-1.916
-1.926
-1.937
-1.947
-1.957
-1.978
-1.988
-2.020
-1.999
-2.061
-1.968
-2.009
-1.978
-1.957
-1.968
-1.926
-1.916
-1.885
-1.937
-1.875
-1.864
-1.885
-1.823
-1.864
-1.823
-1.885
-1.792
-1.843
-1.833
-1.843
-1.864
-1.916
-1.843
-1.978
-1.885
-1.937
-1.916
-1.895
-1.926
-1.864
-1.895
-1.833
-1.812
-1.812
-1.792
-1.781
-1.553
-1.750
-1.771
-1.740
-1.740
-1.771
-1.585
-1.667
-1.740
-1.802
-1.802
-1.833
-1.812
-1.926
-1.895
-1.885
-1.854
-1.885
-1.812
-1.792
-1.802
-1.740
-1.698
-1.647
-1.595
-1.926
-1.719
-1.781
-1.730
-1.698
-1.761
-1.698
-1.740
-1.730
-1.792
-1.885
-1.823
-1.843
-1.843
-1.812
-1.854
-1.750
-1.792
-1.740
-1.709
-1.730
-1.698
-1.698
-1.709
-1.771
-1.854
-1.709
-1.564
-1.781
-1.657
-1.688
-1.730
-1.781
-1.843
-1.823
-1.792
-1.761
-1.771
-1.885
-1.761
-1.750
-1.730
-1.647
-1.667
-1.667
-1.667
-1.657
-1.678
-1.667
-1.626
-1.616
-1.647
-1.719
-1.719
-1.667
-1.812
-1.823
-1.740
-1.667
-1.709
-1.750
-1.678
-1.678
-1.657
-1.657
-1.667
-1.647
-1.460
-1.564
-1.605
-1.678
-1.657
-1.574
-1.605
-1.740
-1.698
-1.678
-1.719
-1.719
-1.761
-1.709
-1.657
-1.647
-1.616
-1.626
-1.605
-1.605
-1.564
-1.595
-1.616
-1.616
-1.647
-1.595
-1.574
-1.657
-1.667
-1.719
-1.740
-1.750
-1.730
-1.698
-1.636
-1.626
-1.636
-1.667
-1.719
-1.647
-1.491
-1.585
-1.336
-1.553
-1.605
-1.626
-1.585
-1.626
-1.574
-1.647
-1.750
-1.812
-1.761
-1.792
-1.647
-1.605
-1.512
-1.585
-1.543
-1.564
-1.553
-1.543
-1.543
-1.502
-1.336
-1.326
-1.667
-1.657
-1.636
-1.626
-1.647
-1.657
-1.678
-1.605
-1.595
-1.574
-1.553
-1.522
-1.502
-1.522
-1.585
-1.512
-1.585
-1.564
-1.543
-1.595
-1.761
-1.605
-1.626
-1.657
-1.647
-1.616
-1.595
-1.543
-1.522
-1.585
-1.585
-1.491
-1.647
-1.471
-1.502
-1.419
-1.533
-1.543
-1.564
-1.605
-1.616
-1.616
-1.616
-1.626
-1.626
-1.647
-1.616
-1.595
-1.533
-1.512
-1.481
-1.481
-1.471
-1.460
-1.491
-1.471
-1.491
-1.419
-1.543
-1.585
-1.595
-1.595
-1.398
-1.440
-1.512
-1.522
-1.429
-1.440
-1.419
-1.429
-1.419
-1.419
-1.419
-1.440
-1.512
-1.502
-1.564
-1.574
-1.491
-1.502
-1.491
-1.408
-1.605
-1.388
-1.367
-1.419
-1.377
-1.377
-1.408
-1.471
-1.574
-1.512
-1.585
-1.688
-1.595
-1.512
-1.553
-1.502
-1.440
-1.460
-1.429
-1.408
-1.460
-1.398
-1.398
-1.377
-1.450
-1.481
-1.440
-1.543
-1.429
-1.595
-1.585
-1.595
-1.709
-1.533
-1.522
-1.502
-1.553
-1.388
-1.491
-1.533
-1.305
-1.398
-1.533
-1.408
-1.522
-1.491
-1.585
-1.605
-1.585
-1.595
-1.543
-1.533
-1.491
-1.533
-1.574
-1.460
-1.491
-1.522
-1.471
-1.471
-1.481
-1.543
-1.481
-1.543
-1.585
-1.585
-1.678
-1.585
-1.698
-1.553
-1.553
-1.564
-1.574
-1.533
-1.502
-1.512
-1.491
-1.481
-1.471
-1.543
-1.512
-1.595
-1.367
-1.522
-1.698
-1.533
-1.616
-1.595
-1.574
-1.574
-1.543
-1.491
-1.522
-1.522
-1.491
-1.491
-1.522
-1.626
-1.543
-1.502
-1.564
-1.605
-1.605
-1.667
-1.626
-1.595
-1.595
-1.553
-1.585
-1.564
-1.512
-1.564
-1.657
-1.336
-1.512
-1.574
-1.585
-1.533
-1.585
-1.595
-1.605
-1.636
-1.616
-1.543
-1.647
-1.574
-1.616
-1.533
-1.533
-1.522
-1.553
-1.471
-1.491
-1.481
-1.585
-1.522
-1.502
-1.543
-1.553
-1.585
-1.626
-1.657
-1.585
-1.698
-1.585
-1.636
-1.585
-1.481
-1.502
-1.491
-1.502
-1.491
-1.512
-1.512
-1.502
-1.574
-1.574
-1.719
-1.595
-1.647
-1.688
-1.626
-1.595
-1.553
-1.574
-1.522
-1.522
-1.512
-1.512
-1.460
-1.533
-1.502
-1.491
-1.481
-1.543
-1.616
-1.585
-1.657
-1.543
-1.667
-1.657
-1.626
-1.522
-1.564
-1.502
-1.585
-1.491
-1.502
-1.450
-1.533
-1.595
-1.543
-1.522
-1.595
-1.574
-1.616
-1.626
-1.636
-1.636
-1.761
-1.605
-1.574
-1.533
-1.512
-1.512
-1.553
-1.533
-1.481
-1.471
-1.574
-1.533
-1.574
-1.585
-1.595
-1.636
-1.657
-1.595
-1.657
-1.543
-1.553
-1.481
-1.595
-1.522
-1.512
-1.502
-1.481
-1.481
-1.388
-1.491
-1.698
-1.481
-1.533
-1.678
-1.605
-1.647
-1.564
-1.688
-1.667
-1.585
-1.481
-1.471
-1.574
-1.574
-1.243
-1.440
-1.553
-1.440
-1.481
-1.502
-1.574
-1.564
-1.626
-1.636
-1.698
-1.667
-1.450
-1.491
-1.553
-1.522
-1.553
-1.450
-1.460
-1.481
-1.398
-1.522
-1.502
-1.522
-1.553
-1.564
-1.585
-1.585
-1.678
-1.553
-1.595
-1.636
-1.346
-1.408
-1.346
-1.460
-1.398
-1.429
-1.429
-1.419
-1.460
-1.429
-1.626
-1.574
-1.605
-1.605
-1.481
-1.595
-1.616
-1.512
-1.533
-1.481
-1.471
-1.429
-1.533
-1.543
-1.481
-1.491
-1.502
-1.512
-1.512
-1.471
-1.605
-1.595
-1.481
-1.626
-1.626
-1.553
-1.502
-1.574
-1.471
-1.274
-1.450
-1.440
-1.502
-1.460
-1.481
-1.481
-1.533
-1.574
-1.719
-1.688
-1.564
-1.543
-1.367
-1.512
-1.595
-1.502
-1.460
-1.471
-1.450
-1.460
-1.471
-1.471
-1.481
-1.502
-1.512
-1.553
-1.574
-1.595
-1.585
-1.502
-1.408
-1.502
-1.471
-1.481
-1.367
-1.440
-1.440
-1.471
-1.491
-1.450
-1.512
-1.522
-1.553
-1.522
-1.585
-1.595
-1.574
-1.564
-1.667
-1.481
-1.491
-1.585
-1.460
-1.471
-1.440
-1.460
-1.481
-1.491
-1.471
-1.533
-1.522
-1.564
-1.564
-1.564
-1.398
-1.564
-1.512
-1.502
-1.502
-1.419
-1.440
-1.585
-1.450
-1.419
-1.450
-1.491
-1.471
-1.491
-1.543
-1.460
-1.564
-1.543
-1.491
-1.502
-1.512
-1.522
-1.450
-1.388
-1.408
-1.419
-1.305
-1.429
-1.419
-1.440
-1.388
-1.471
-1.564
-1.574
-1.533
-1.481
-1.491
-1.460
-1.429
-1.460
-1.398
-1.440
-1.346
-1.440
-1.398
-1.295
-1.471
-1.450
-1.450
-1.522
-1.543
-1.543
-1.336
-1.460
-1.481
-1.460
-1.408
-1.440
-1.367
-1.419
-1.315
-1.408
-1.388
-1.419
-1.460
-1.429
-1.491
-1.522
-1.522
-1.543
-1.222
-1.471
-1.284
-1.408
-1.408
-1.429
-1.388
-1.388
-1.471
-1.450
-1.471
-1.367
-1.688
-1.553
-1.647
-1.522
-1.636
-1.553
-1.471
-1.481
-1.471
-1.398
-1.388
-1.522
-1.533
-1.502
-1.460
-1.429
-1.440
-1.564
-1.522
-1.502
-1.595
-1.647
-1.657
-1.667
