-2.900
-2.776
-2.858
-2.796
-2.817
-2.786
-2.807
-2.786
-2.848
-2.858
-2.869
-2.931
-2.921
-2.941
-2.962
-3.003
-3.003
-3.148
-3.024
-3.034
-2.931
-3.179
-2.983
-3.045
-3.045
-3.128
-3.107
-3.148
-3.107
-3.107
-3.117
-3.066
-2.972
-3.117
-3.024
-2.952
-3.066
-3.024
-2.972
-2.983
-2.931
-2.962
-2.972
-2.972
-2.921
-2.952
-2.931
-2.962
-2.972
-2.879
-2.983
-2.952
-2.879
-2.952
-2.827
-2.962
-3.003
-3.014
-3.014
-3.024
-2.952
-3.045
-3.055
-3.066
-3.086
-3.128
-3.097
-3.138
-3.138
-3.190
-3.314
-3.221
-3.231
-3.324
-3.242
-3.252
-3.211
-3.200
-3.221
-3.190
-3.283
-3.252
-3.169
-3.179
-3.086
-3.200
-3.179
-3.200
-3.179
-3.211
-3.221
-3.221
-2.993
-3.231
-3.273
-3.304
-3.355
-3.407
-3.366
-3.418
-3.407
-3.480
-3.469
-3.490
-3.511
-3.490
-3.469
-3.428
-3.438
-3.428
-3.428
-3.428
-3.428
-3.459
-3.438
-3.490
-3.521
-3.563
-3.563
-3.594
-3.625
-3.677
-3.708
-3.749
-3.614
-3.739
-3.677
-3.687
-3.687
-3.770
-3.801
-3.822
-3.728
-3.708
-3.749
-3.811
-3.842
-3.904
-3.904
-3.935
-4.101
-3.956
-3.915
-3.884
-3.894
-3.894
-3.625
-3.759
-3.666
-3.925
-3.925
-3.915
-4.039
-4.018
-4.018
-4.049
-4.008
-3.977
-3.956
-3.935
-3.935
-3.904
-3.915
-3.967
-3.977
-3.977
-4.070
-4.091
-4.163
-4.039
-4.132
-4.194
-3.728
-3.935
-3.915
-3.904
-3.935
-3.925
-3.863
-3.904
-3.998
-3.987
-4.029
-4.101
-4.080
-3.811
-3.956
-3.935
-3.915
-3.853
-3.915
-3.873
-3.894
-3.904
-3.925
-3.946
-3.967
-3.967
-4.029
-3.925
-3.946
-3.956
-3.853
-3.915
-3.780
-3.770
-3.822
-3.832
-3.935
-3.832
-3.842
-3.780
-3.822
-3.915
-3.894
-3.884
-3.863
-3.790
-3.801
-3.749
-3.739
-3.718
-3.718
-3.687
-3.645
-3.645
-3.656
-3.666
-3.687
-3.739
-3.728
-3.749
-3.770
-3.759
-3.718
-3.697
-3.666
-3.677
-3.635
-3.573
-3.666
-3.594
-3.604
-3.552
-3.594
-3.583
-3.594
-3.625
-3.666
-3.697
-3.687
-3.739
-3.739
-3.739
-3.790
-3.677
-3.645
-3.594
-3.614
-3.635
-3.625
-3.563
-3.645
-3.604
-3.625
-3.418
-3.687
-3.687
-3.687
-3.739
-3.739
-3.801
-3.666
-3.697
-3.739
-3.625
-3.687
-3.666
-3.583
-3.573
-3.594
-3.635
-3.614
-3.552
-3.687
-3.666
-3.708
-3.697
-3.780
-3.770
-3.770
-3.770
-3.749
-3.708
-3.677
-3.739
-3.645
-3.645
-3.708
-3.635
-3.645
-3.594
-3.770
-3.687
-3.677
-3.552
-3.749
-3.822
-3.811
-3.780
-3.728
-3.697
-3.687
-3.583
-3.656
-3.635
-3.666
-3.583
-3.625
-3.614
-3.573
-3.656
-3.666
-3.532
-3.687
-3.687
-3.697
-3.811
-3.718
-3.521
-3.573
-3.656
-3.635
-3.583
-3.594
-3.614
-3.594
-3.625
-3.625
-3.635
-3.656
-3.677
-3.697
-3.718
-3.739
-3.604
-3.770
-3.749
-3.563
-3.656
-3.708
-3.645
-3.645
-3.625
-3.635
-3.594
-3.604
-3.645
-3.645
-3.677
-3.708
-3.708
-3.728
-3.759
-3.759
-3.780
-3.728
-3.728
-3.697
-3.728
-3.697
-3.625
-3.625
-3.677
-3.552
-3.614
-3.666
-3.687
-3.708
-3.770
-3.770
-3.780
-3.801
-3.790
-3.728
-3.718
-3.687
-3.759
-3.645
-3.563
-3.677
-3.635
-3.677
-3.614
-3.666
-3.645
-3.583
-3.604
-3.728
-3.811
-3.739
-3.749
-3.780
-3.728
-3.790
-3.552
-3.604
-3.614
-3.594
-3.614
-3.583
-3.614
-3.614
-3.573
-3.563
-3.677
-3.801
-3.697
-3.728
-3.749
-3.656
-3.780
-3.697
-3.759
-3.604
-3.708
-3.708
-3.718
-3.718
-3.687
-3.728
-3.759
-3.687
-3.842
-3.863
-3.790
-3.987
-3.884
-3.894
-3.884
-3.780
-3.956
-3.894
-3.832
-3.863
-3.811
-3.884
-3.873
-3.987
-3.935
-4.008
-4.029
-4.008
-4.008
-4.018
-4.049
-3.946
-3.873
-3.873
-3.915
-3.925
-3.987
-4.070
-4.080
-4.091
-4.080
-4.080
-4.112
-4.049
-3.998
-3.946
-3.977
-3.935
-3.956
-3.956
-3.801
-4.143
-4.070
-4.080
-4.060
-4.101
-4.091
-3.935
-3.935
-3.904
-3.904
-3.842
-3.873
-3.842
-3.873
-3.894
-3.946
-3.842
-3.946
-4.018
-4.008
-3.925
-3.884
-3.884
-3.853
-3.759
-3.790
-3.811
-3.780
-3.894
-3.790
-3.790
-3.801
-3.832
-3.811
-3.873
-3.759
-3.904
-3.853
-3.822
-3.801
-3.790
-3.863
-3.739
-3.728
-3.749
-3.770
-3.759
-3.790
-3.853
-3.904
-3.915
-3.967
-3.925
-3.925
-3.915
-3.863
-3.853
-3.863
-3.853
-3.863
-3.822
-3.915
-3.946
-3.977
-3.998
-4.070
-4.122
-4.101
-4.091
-4.091
-4.112
-4.070
-4.029
-4.049
-4.070
-4.112
-4.143
-4.205
-4.236
-4.381
-4.277
-4.246
-4.143
-4.184
-4.205
-4.236
-4.267
-4.308
-4.350
-4.484
-4.433
-4.443
-4.422
-4.370
-4.381
-4.350
-4.505
-4.412
-4.412
-4.495
-4.536
-4.691
-4.567
-4.495
-4.453
-4.339
-4.453
-4.505
-4.464
-4.474
-4.557
-4.557
-4.578
-4.536
-4.391
-4.495
-4.609
-4.474
-4.515
-4.557
-4.588
-4.578
-4.650
-4.609
-4.505
-4.546
-4.526
-4.536
-4.567
-4.640
-4.557
-4.691
-4.484
-4.598
-4.588
-4.567
-4.557
-4.557
-4.650
-4.702
-4.650
-4.712
-4.712
-4.650
-4.598
-4.578
-4.588
-4.629
-4.650
-4.681
-4.754
-4.795
-4.743
-4.671
-4.671
-4.660
-4.691
-4.712
-4.733
-4.888
-4.805
-4.826
-4.629
-4.640
-4.691
-4.671
-4.764
-4.733
-4.888
-4.971
-4.836
-4.785
-4.723
-4.702
-4.702
-4.774
-4.774
-4.816
-4.888
-4.795
-4.743
-4.702
-4.681
-4.671
-4.660
-4.702
-4.805
-4.795
-4.826
-4.774
-4.691
-4.650
-4.660
-4.660
-4.660
-4.774
-4.909
-4.764
-4.660
-4.650
-4.557
-4.578
-4.536
-4.619
-4.588
-4.557
-4.681
-4.640
-4.609
-4.505
-4.495
-4.495
-4.433
-4.515
-4.288
-4.505
-4.546
-4.536
-4.515
-4.453
-4.422
-4.360
-4.360
-4.267
-4.329
-4.360
-4.194
-4.329
-4.360
-4.391
-4.319
-4.288
-4.205
-4.215
-4.194
-4.112
-4.112
-4.091
-4.225
-4.174
-4.205
-4.236
-4.194
-4.174
-4.143
-4.039
-3.998
-3.977
-3.935
-3.946
-3.801
-3.915
-3.946
-4.008
-3.987
-4.008
-4.029
-4.029
-3.977
-3.935
-3.842
-3.904
-3.884
-3.832
-3.863
-3.832
-3.842
-3.884
-3.863
-3.894
-3.894
-3.956
-3.977
-3.956
-3.894
-3.894
-3.842
-3.842
-3.790
-3.811
-3.801
-3.780
-3.749
-3.873
-3.873
-3.904
-3.935
-3.946
-3.977
-3.956
-3.873
-3.863
-3.822
-3.822
-3.770
-3.801
-3.801
-3.811
-3.853
-3.873
-3.842
-3.925
-3.904
-4.018
-4.029
-3.977
-3.977
-3.956
-3.946
-3.894
-3.946
-3.977
-3.987
-4.018
-4.091
-4.143
-4.163
-4.225
-4.184
-4.132
-4.112
-4.091
-4.080
-4.091
-4.174
-4.080
-4.049
-4.153
-4.174
-4.246
-4.205
-4.246
-4.277
-4.132
-4.112
-4.101
-4.101
-4.091
-4.236
-4.184
-4.163
-4.163
-4.215
-4.205
-4.143
-4.143
-4.174
-4.060
-4.029
-3.998
-3.998
-3.998
-3.956
-3.998
-4.153
-4.080
-4.039
-4.091
-4.018
-3.956
-3.956
-3.873
-3.853
-3.863
-3.749
-3.822
-3.790
-3.811
-3.801
-3.811
-3.770
-3.822
-3.894
-3.853
-3.863
-3.728
-3.780
-3.780
-3.666
-3.656
-3.666
-3.625
-3.614
-3.594
-3.666
-3.573
-3.635
-3.604
-3.625
-3.656
-3.780
-3.583
-3.656
-3.635
-3.604
-3.573
-3.532
-3.500
-3.469
-3.438
-3.397
-3.376
-3.366
-3.293
-3.304
-3.273
-3.293
-3.335
-3.324
-3.293
-3.231
-3.231
-3.273
-3.273
-3.252
-3.262
-3.252
-3.283
-3.387
-3.169
-3.376
-3.252
-3.304
-3.283
-3.324
-3.211
-3.211
-3.304
-3.179
-3.169
-3.242
-3.148
-3.117
-3.097
-3.045
-3.159
-3.066
-3.045
-3.117
-3.024
-3.066
-3.003
-2.889
-2.993
-3.003
-3.107
-3.076
-3.076
-3.003
-3.034
-3.066
-3.014
-3.045
-3.066
-3.034
-3.034
-3.076
-2.786
-3.138
-3.045
-3.221
-2.941
-3.076
-3.159
-3.117
-3.034
-3.097
-3.086
-3.107
-3.107
-3.086
-3.055
-3.045
-3.055
-2.972
-3.045
-3.066
-2.910
-3.117
-2.972
-2.889
-3.014
-2.931
-2.900
-2.910
-2.921
-2.900
-2.889
-2.900
-2.869
-2.921
-2.869
-2.879
-2.848
-2.848
-2.848
-2.972
-2.858
-2.858
-2.869
-2.858
-2.858
-2.869
-2.858
-2.900
-2.879
-2.910
-2.817
-2.962
-2.879
-2.869
-2.796
-2.838
-2.858
-2.838
-2.900
-2.817
-2.848
-3.003
-2.858
-2.568
-2.900
-2.838
-2.858
-2.838
-2.807
-2.838
-2.827
-2.910
-2.848
-2.838
-2.858
-2.838
-2.858
-2.900
-2.786
-2.838
-2.858
-2.858
-2.838
-2.786
-2.900
-2.838
-2.848
-2.827
-2.858
-2.838
-2.827
-2.848
-2.879
-2.796
-2.879
-2.807
-2.858
-2.838
-2.952
-2.848
-2.807
-2.796
-2.796
-2.796
-2.817
-2.786
-2.796
-2.827
-2.776
-2.889
-2.796
-2.786
-2.744
-2.734
-2.765
-2.744
-2.527
-2.755
-2.744
-2.682
-2.744
-2.703
-2.755
-2.672
-2.734
-2.744
-2.713
-2.703
-2.651
-2.713
-2.682
-2.662
-2.682
-2.672
-2.599
-2.724
-2.651
-2.734
-2.496
-2.662
-2.662
-2.392
-2.641
-2.579
-2.620
-2.610
-2.631
-2.672
-2.599
-2.651
-2.548
-2.641
-2.589
-2.548
-2.641
-2.610
-2.517
-2.579
-2.610
-2.579
-2.548
-2.548
-2.548
-2.568
-2.558
-2.527
-2.558
-2.537
-2.486
-2.620
-2.631
-2.568
-2.548
-2.527
-2.558
-2.568
-2.558
-2.568
-2.568
-2.579
-2.568
-2.548
-2.672
-2.537
-2.610
-2.517
-2.568
-2.527
-2.527
-2.610
-2.548
-2.579
-2.610
-2.610
-2.579
-2.579
-2.517
-2.537
-2.589
-2.413
-2.589
-2.506
-2.589
-2.537
-2.558
-2.548
-2.496
-2.309
-2.527
-2.589
-2.517
-2.475
-2.434
-2.579
-2.506
-2.558
-2.496
-2.548
-2.475
-2.527
-2.517
-2.444
-2.444
-2.475
-2.475
-2.548
-2.486
-2.423
-2.465
-2.444
-2.423
-2.444
-2.444
-2.444
-2.496
-2.454
-2.434
-2.486
-2.496
-2.486
-2.444
-2.517
-2.454
-2.423
-2.527
-2.465
-2.475
-2.558
-2.537
-2.496
-2.506
-2.517
-2.496
-2.486
-2.496
-2.527
-2.496
-2.506
-2.537
-2.434
-2.496
-2.465
-2.413
-2.454
-2.403
-2.434
-2.475
-2.454
-2.465
-2.465
-2.454
-2.444
-2.423
-2.434
-2.465
-2.444
-2.496
-2.423
-2.423
-2.454
-2.454
-2.444
-2.444
-2.423
-2.465
-2.423
-2.423
-2.392
-2.465
-2.465
-2.444
-2.434
-2.361
-2.413
-2.423
-2.454
-2.444
-2.423
-2.454
-2.434
-2.444
-2.517
-2.423
-2.444
-2.486
-2.496
-2.527
-2.247
-2.548
-2.517
-2.289
-2.506
-2.537
-2.548
-2.568
-2.579
-2.579
-2.579
-2.599
-2.620
-2.651
-2.662
-2.620
-2.672
-2.662
-2.693
-2.672
-2.682
-2.724
-2.713
-2.724
-2.713
-2.713
-2.724
-2.765
-2.776
-2.796
-2.734
-2.755
-2.786
-2.807
-2.807
-2.827
-2.838
-2.869
-2.858
-2.807
-2.827
-2.693
-2.952
-2.921
-2.972
-2.734
-2.983
-3.003
-2.993
-3.034
-3.055
-3.045
-3.107
-3.086
-3.107
-3.148
-3.117
-3.117
-3.097
-3.200
-3.159
-3.138
-3.148
-3.262
-3.128
-3.148
-3.138
-2.910
-3.169
-2.993
-3.159
-3.159
-3.086
-3.128
-3.148
-3.097
-3.148
-3.159
-3.179
-3.169
-3.211
-3.262
-3.211
-3.200
-3.231
-3.355
-3.283
-3.293
-3.304
-3.480
-3.480
-3.387
-3.387
-3.366
-3.086
-3.366
-3.335
-3.304
-3.273
-3.345
-3.293
-3.335
-3.231
-3.304
-3.231
-3.304
-3.283
-3.376
-3.324
-3.366
-3.418
-3.397
-3.449
-3.438
-3.532
-3.490
-3.480
-3.459
-3.459
-3.521
-3.521
-3.366
-3.490
-3.469
-3.449
-3.428
-3.480
-3.500
-3.521
-3.480
-3.459
-3.449
-3.521
-3.583
-3.490
-3.625
-3.677
-3.790
-3.759
-3.739
-3.697
-3.635
-3.666
-3.573
-3.687
-3.708
-3.614
-3.573
-3.697
-3.666
-3.728
-3.801
-3.811
-3.832
-3.956
-3.759
-3.759
-3.853
-3.780
-3.790
-3.718
-3.718
-3.770
-3.770
-3.708
-3.749
-3.801
-3.811
-3.822
-3.863
-3.873
-3.832
-3.904
-3.863
-3.842
-3.822
-3.822
-3.811
-3.790
-3.739
-3.811
-3.832
-3.811
-3.832
-3.873
-3.884
-3.915
-3.935
-3.915
-3.904
-3.853
-3.894
-3.822
-3.801
-3.842
-3.790
-3.790
-3.811
-3.863
-3.822
-3.884
-3.904
-3.925
-3.967
-3.998
-3.967
-3.894
-3.884
-3.853
-3.853
-3.822
-3.801
-3.801
-3.832
-3.853
-3.925
-3.915
-3.935
-3.946
-3.956
-3.925
-3.935
-3.925
-3.822
-3.853
-3.853
-3.842
-3.832
-3.863
-3.863
-3.904
-3.894
-3.935
-3.967
-3.967
-3.967
-3.904
-3.915
-3.780
-3.801
-3.801
-3.811
-3.832
-3.925
-3.853
-3.884
-3.884
-3.770
-3.956
-4.018
-3.998
-3.956
-4.039
-3.801
-3.863
-3.884
-3.853
-3.884
-3.884
-3.904
-3.915
-3.956
-3.977
-4.018
-4.018
-4.205
-3.977
-4.039
-3.894
-3.915
-3.873
-3.842
-3.863
-3.832
-3.873
-3.884
-3.873
-3.842
-3.925
-3.935
-4.039
-3.894
-3.884
-3.853
-3.749
-3.759
-3.749
-3.759
-3.583
-3.635
-3.677
-3.656
-3.708
-3.718
-3.770
-3.718
-3.759
-3.759
-3.728
-3.728
-3.718
-3.645
-3.635
-3.573
-3.532
-3.542
-3.532
-3.573
-3.521
-3.521
-3.656
-3.490
-3.573
-3.511
-3.552
-3.521
-3.521
-3.594
-3.697
-3.563
-3.594
-3.459
-3.552
-3.490
-3.449
-3.459
-3.407
-3.366
-3.490
-3.397
-3.407
-3.335
-3.376
-3.480
-3.366
-3.407
-3.407
-3.500
-3.242
-3.480
-3.376
-3.469
-3.500
-3.500
-3.490
-3.242
-3.438
-3.252
-3.397
-3.428
-3.438
-3.387
-3.304
-3.097
-3.345
-3.304
-3.397
-3.335
-3.252
-3.387
-3.345
-3.314
-3.397
-3.542
-3.387
-3.449
-3.521
-3.376
-3.449
-3.428
-3.480
-3.480
-3.459
-3.469
-3.511
-3.397
-3.387
-3.211
-3.490
-3.397
-3.345
-3.324
-3.387
-3.366
-3.376
-3.335
-3.366
-3.573
-3.449
-3.335
-3.397
-3.314
-3.500
-3.573
-3.387
-3.304
-3.418
-3.376
-3.397
-3.500
-3.262
-3.283
-3.283
-3.355
-3.262
-3.314
-3.242
-3.242
-3.190
-3.252
-3.252
-3.211
-3.273
-3.252
-3.200
-3.190
-3.014
-3.283
-3.273
-3.252
-3.324
-3.024
-3.293
-3.221
-3.252
-3.252
-3.283
-3.252
-3.221
-3.200
-3.159
-3.107
-3.148
-3.107
-3.138
-3.128
-3.066
-3.024
-2.972
-3.045
-3.107
-2.993
-2.972
-2.983
-2.972
-2.900
-2.921
-3.003
-2.972
-2.921
-2.921
-2.921
-2.900
-2.889
-2.910
-2.796
-2.900
-2.879
-2.641
-2.910
-2.879
-2.858
-2.889
-2.921
-2.869
-2.879
-2.889
-2.869
-3.014
-2.910
-2.879
-2.879
-2.921
-2.983
-2.931
-2.827
-2.879
-2.921
-2.869
-2.879
-2.879
-2.931
-2.983
-2.921
-2.910
-2.879
-2.900
-2.900
-2.900
-2.889
-2.838
-2.858
-2.900
-2.827
-2.827
-2.838
-2.796
-2.827
-2.848
-2.827
-2.827
-2.776
-2.786
-2.776
-2.796
-2.713
-2.662
-2.693
-2.744
-2.807
-2.703
-2.682
-2.755
-2.734
-2.682
-2.682
-2.703
-2.672
-2.682
-2.703
-2.672
-2.693
-2.641
-2.641
-2.620
-2.620
-2.693
-2.589
-2.682
-2.662
-2.620
-2.693
-2.682
-2.631
-2.631
-2.713
-2.403
-2.610
-2.558
-2.631
-2.589
-2.631
-2.620
-2.682
-2.672
-2.548
-2.517
-2.641
-2.610
-2.589
-2.620
-2.589
-2.589
-2.589
-2.631
-2.631
-2.631
-2.579
-2.610
-2.589
-2.703
-2.620
-2.610
-2.610
-2.527
-2.599
-2.693
-2.579
-2.610
-2.620
-2.672
-2.682
-2.848
-2.682
-2.703
-2.662
-2.662
-2.662
-2.734
-2.672
-2.786
-2.755
-2.713
-2.869
-2.744
-2.817
-2.693
-2.724
-2.724
-2.807
-2.682
-2.796
-2.900
-2.827
-2.817
-2.869
-2.776
-2.879
-2.858
-2.910
-2.879
-2.910
-2.807
-2.838
-2.755
-2.858
-2.817
-2.827
-2.807
-2.827
-3.003
-2.848
-2.827
-2.838
-2.889
-2.858
-2.889
-2.931
-2.921
-2.838
-2.796
-2.776
-2.838
-2.838
-2.786
-2.827
-2.817
-2.755
-2.786
-2.713
-2.817
-2.807
-2.724
-2.776
-2.786
-2.776
-2.796
-2.827
-2.776
-2.807
-2.807
-2.786
-2.682
-2.786
-2.817
-2.776
-2.848
-2.744
-2.734
-2.827
-2.755
-2.796
-2.848
-2.807
-2.786
-2.869
-2.848
-2.869
-2.786
-2.827
-2.796
-2.838
-2.858
-2.838
-2.848
-2.889
-2.889
-2.869
-2.858
-2.900
-2.921
-2.993
-2.962
-2.889
-2.921
-2.889
-2.993
-2.931
-3.055
-2.993
-2.962
-2.941
-2.993
-3.003
-2.993
-3.024
-2.972
-3.034
-2.993
-3.014
-2.972
-3.024
-3.003
-2.941
-2.983
-2.972
-2.952
-2.962
-2.921
-2.952
-2.962
-2.921
-2.931
-2.962
-2.931
-2.952
-2.962
-2.941
-2.921
-2.921
-2.983
-2.962
-2.972
-2.972
-2.931
-3.003
-2.952
-3.045
-3.076
-3.076
-3.066
-3.014
-3.086
-3.076
-3.066
-3.117
-3.159
-3.252
-3.190
-3.211
-3.242
-3.366
-3.242
-3.252
-3.335
-3.293
-3.221
-3.252
-3.221
-3.169
-3.211
-3.200
-3.221
-3.324
-3.179
-3.242
-3.107
-3.314
-3.200
-3.262
-3.262
-3.221
-3.242
-3.324
-3.304
-3.242
-3.117
-3.366
-3.387
-3.387
-3.438
-3.273
-3.407
-3.397
-3.521
-3.449
-3.449
-3.345
-3.262
-3.397
-3.376
-3.345
-3.138
-3.128
-3.324
-3.407
-3.376
-3.500
-3.552
-3.459
-3.583
-3.521
-3.656
-3.573
-3.635
-3.594
-3.697
-3.625
-3.552
-3.687
-3.521
-3.552
-3.708
-3.635
-3.563
-3.563
-3.511
-3.625
-3.625
-3.687
-3.656
-3.677
-3.677
-3.811
-3.718
-3.708
-3.770
-3.677
-3.697
-3.749
-3.687
-3.697
-3.728
-3.604
-3.677
-3.822
-3.666
-3.656
-3.739
-3.770
-3.749
-3.811
-3.915
-3.873
-3.801
-3.749
-3.790
-3.728
-3.708
-3.625
-3.625
-3.677
-3.635
-3.677
-3.614
-3.645
-3.604
-3.739
-3.666
-3.801
-3.708
-3.739
-3.790
-3.759
-3.780
-3.656
-3.697
-3.645
-3.656
-3.687
-3.511
-3.718
-3.718
-3.739
-3.677
-3.635
-3.677
-3.718
-3.718
-3.728
-3.397
-3.811
-3.656
-3.645
-3.428
-3.573
-3.563
-3.656
-3.542
-3.459
-3.418
-3.500
-3.645
-3.645
-3.552
-3.583
-3.604
-3.604
-3.614
-3.490
-3.594
-3.625
-3.573
-3.490
-3.449
-3.428
-3.500
-3.387
-3.418
-3.397
-3.480
-3.366
-3.345
-3.221
-3.418
-3.376
-3.366
-3.355
-3.324
-3.314
-3.211
-3.500
-3.418
-3.397
-3.324
-3.407
-3.366
-3.376
-3.387
-3.449
-3.293
-3.293
-3.159
-3.159
-3.190
-3.159
-3.138
-3.231
-3.200
-3.107
-3.179
-3.148
-3.200
-3.169
-3.314
-3.148
-3.138
-3.148
-3.138
-3.076
-3.117
-3.076
-3.148
-3.128
-3.128
-3.097
-3.138
-3.128
-3.117
-3.190
-3.107
-3.097
-3.117
-3.097
-3.066
-3.055
-3.003
-3.066
-3.045
-3.097
-2.993
-3.045
-3.034
-3.003
-3.148
-2.962
-2.952
-3.097
-2.931
-2.921
-2.931
-2.921
-2.962
-2.931
-2.910
-2.910
-2.931
-2.827
-2.900
-2.879
-2.879
-3.014
-2.921
-2.941
-2.972
-2.993
-2.941
-2.952
-3.014
-3.014
-3.066
-3.076
-3.076
-3.128
-3.097
-3.107
-3.169
-3.273
-3.169
-3.242
-3.283
-3.231
-3.211
-3.304
-3.304
-3.242
-3.252
-3.003
-3.231
-3.169
-3.231
-3.397
-3.273
-3.293
-3.314
-3.397
-3.262
-3.262
-3.304
-3.387
-3.355
-3.438
-3.449
-3.511
-3.563
-3.573
-3.594
-3.583
-3.583
-3.614
-3.666
-3.407
-3.521
-3.532
-3.552
-3.480
-3.583
-3.583
-3.594
-3.728
-3.656
-3.739
-3.749
-3.677
-3.677
-3.832
-3.811
-3.759
-3.801
-3.677
-3.666
-3.718
-3.718
-3.656
-3.759
-3.635
-3.604
-3.480
-3.728
-3.708
-3.718
-3.811
-3.873
-3.853
-3.759
-3.811
-3.708
-3.677
-3.687
-3.697
-3.677
-3.573
-3.718
-3.625
-3.614
-3.635
-3.656
-3.666
-3.563
-3.728
-3.811
-3.790
-3.770
-3.770
-3.687
-3.708
-3.583
-3.625
-3.594
-3.645
-3.645
-3.563
-3.614
-3.594
-3.552
-3.625
-3.677
-3.625
-3.656
-3.573
-3.739
-3.677
-3.770
-3.625
-3.697
-3.635
-3.708
-3.573
-3.594
-3.511
-3.480
-3.500
-3.563
-3.542
-3.583
-3.604
-3.583
-3.573
-3.594
-3.677
-3.708
-3.645
-3.708
-3.780
-3.687
-3.645
-3.563
-3.604
-3.573
-3.490
-3.583
-3.542
-3.552
-3.614
-3.625
-3.583
-3.583
-3.625
-3.728
-3.490
-3.697
-3.677
-3.666
-3.656
-3.594
-3.614
-3.563
-3.480
-3.594
-3.583
-3.573
-3.500
-3.521
-3.521
-3.521
-3.532
-3.521
-3.552
-3.594
-3.521
-3.645
-3.583
-3.573
-3.614
-3.563
-3.521
-3.521
-3.500
-3.211
-3.480
-3.428
-3.366
-3.428
-3.387
-3.355
-3.397
-3.366
-3.376
-3.428
-3.407
-3.376
-3.428
-3.397
-3.376
-3.438
-3.355
-3.480
-3.387
-3.335
-3.324
-3.376
-3.283
-3.252
-3.293
-3.252
-3.376
-3.273
-3.211
-3.242
-3.190
-3.148
-3.179
-3.138
-3.159
-3.076
-3.148
-3.138
-3.138
-3.190
-3.128
-3.148
-3.128
-3.200
-3.097
-3.148
-3.148
-3.169
-3.231
-3.252
-2.921
-3.387
-3.221
-3.200
-3.273
-3.314
-3.159
-3.211
-3.221
-3.148
-3.117
-3.117
-3.066
-3.128
-3.076
-3.159
-3.076
-3.076
-3.076
-3.097
-3.128
-3.076
-3.097
-3.045
-3.034
-3.055
-3.076
-3.003
-2.993
-3.003
-3.107
-3.159
-3.117
-3.066
-3.138
-3.034
-3.055
-3.066
-3.086
-3.076
-3.024
-3.066
-3.014
-3.076
-3.159
-3.159
-3.066
-3.055
-3.055
-3.055
-3.034
-2.879
-3.055
-2.962
-2.972
-2.941
-2.931
-2.879
-2.889
-2.869
-2.889
-2.858
-2.921
-2.910
-2.910
-2.786
-2.786
-2.796
-2.858
-2.755
-2.807
-2.869
-2.900
-2.838
-2.869
-2.786
-2.807
-2.838
-2.848
-2.744
-2.817
-2.807
-2.848
-2.858
-2.765
-2.921
-2.900
-2.879
-2.910
-2.765
-2.952
-2.921
-2.869
-2.910
-2.910
-2.900
-2.972
-3.066
-3.055
-2.983
-3.024
-3.107
-3.086
-3.066
-3.283
-3.107
-3.107
-3.314
-3.190
-2.910
-3.128
-3.159
-3.242
-3.128
-3.148
-3.107
-3.097
-3.076
-3.107
-3.211
-3.107
-3.128
-2.983
-2.983
-2.910
-2.983
-2.972
-2.972
-3.003
-3.003
-2.941
-2.941
-3.014
-2.879
-3.045
-2.993
-2.983
-3.034
-3.024
-2.993
-2.972
-3.055
-3.024
-2.931
-3.097
-3.045
-3.034
-3.138
-3.128
-2.931
-3.138
-3.190
-2.972
-3.200
-3.086
-3.252
-3.345
-3.252
-3.221
-3.252
-3.221
-3.190
-3.221
-3.221
-3.345
-3.211
-3.148
-3.211
-3.252
-3.097
-3.221
-3.252
-3.221
-3.117
-3.221
-3.190
-3.179
-3.211
-3.283
-3.438
-3.262
-3.262
-3.304
-3.366
-3.314
-3.345
-3.366
-3.407
-3.387
-3.387
-3.335
-3.366
-3.324
-3.366
-3.097
-3.345
-3.242
-3.273
-3.304
-3.231
-3.283
-3.324
-3.283
-3.293
-3.262
-3.273
-3.293
-3.283
-3.418
-3.376
-3.387
-3.324
-3.366
-3.387
-3.366
-3.376
-3.418
-3.335
-3.449
-3.283
-3.324
-3.283
-3.252
-3.293
-3.314
-3.200
-3.117
-3.221
-3.231
-3.221
-3.242
-3.273
-3.252
-3.355
-3.283
-3.200
-3.324
-3.262
-3.366
-3.231
-3.428
-3.366
-3.438
-3.438
-3.397
-3.428
-3.387
-3.345
-3.376
-3.345
-3.314
-3.387
-3.366
-3.355
-3.428
-3.376
-3.449
-3.387
-3.428
-3.397
-3.428
-3.428
-3.438
-3.532
-3.500
-3.573
-3.645
-3.594
-3.594
-3.500
-3.594
-3.604
-3.521
-3.604
-3.521
-3.604
-3.552
-3.480
-3.552
-3.604
-3.697
-3.728
-3.635
-3.666
-3.780
-3.770
-3.759
-3.749
-3.801
-3.780
-3.666
-3.677
-3.708
-3.677
-3.739
-3.521
-3.635
-3.708
-3.677
-3.614
-3.749
-3.801
-3.853
-3.873
-3.832
-3.915
-3.811
-3.811
-3.822
-3.770
-3.780
-3.780
-3.987
-3.759
-3.915
-3.894
-3.894
-3.946
-3.956
-3.977
-4.018
-4.018
-3.987
-3.894
-3.925
-3.894
-3.998
-3.935
-3.873
-3.987
-3.946
-4.060
-4.091
-4.101
-4.112
-4.132
-4.070
-4.091
-4.008
-4.112
-4.029
-4.080
-4.060
-4.236
-4.143
-4.205
-4.267
-4.236
-4.225
-4.225
-4.225
-4.184
-4.225
-4.236
-4.257
-4.267
-4.329
-4.433
-4.474
-4.329
-4.350
-4.350
-4.288
-4.246
-4.339
-4.401
-4.433
-4.495
-4.598
-4.598
-4.495
-4.484
-4.578
-4.298
-4.453
-4.515
-4.526
-4.526
-4.609
-4.691
-4.609
-4.567
-4.588
-4.660
-4.598
-4.578
-4.671
-4.691
-4.764
-4.754
-4.640
-4.723
-4.650
-4.640
-4.671
-4.660
-4.733
-4.826
-4.826
-4.754
-4.681
-4.702
-4.712
-4.733
-4.774
-4.754
-4.857
-4.847
-4.754
-4.785
-4.660
-4.660
-4.495
-4.754
-4.691
-4.785
-4.609
-4.764
-4.733
-4.660
-4.660
-4.660
-4.691
-4.723
-4.836
-4.847
-4.774
-4.702
-4.702
-4.785
-4.723
-4.712
-4.764
-4.764
-4.826
-4.619
-4.754
-4.650
-4.619
-4.681
-4.702
-4.671
-4.671
-4.774
-4.785
-4.754
-4.650
-4.578
-4.619
-4.598
-4.433
-4.702
-4.681
-4.723
-4.712
-4.598
-4.567
-4.567
-4.567
-4.578
-4.588
-4.578
-4.650
-4.650
-4.640
-4.588
-4.567
-4.484
-4.464
-4.598
-4.495
-4.546
-4.557
-4.546
-4.578
-4.536
-4.453
-4.484
-4.598
-4.391
-4.557
-4.515
-4.557
-4.505
-4.640
-4.515
-4.495
-4.464
-4.453
-4.526
-4.484
-4.422
-4.598
-4.505
-4.474
-4.598
-4.505
-4.453
-4.464
-4.484
-4.401
-4.464
-4.484
-4.474
-4.609
-4.412
-4.474
-4.464
-4.153
-4.298
-4.381
-4.443
-4.370
-4.567
-4.474
-4.546
-4.412
-4.381
-4.319
-4.360
-4.236
-4.257
-4.298
-4.453
-4.329
-4.257
-4.308
-4.350
-4.298
-4.236
-4.246
-4.184
-4.163
-4.101
-4.018
-3.935
-4.070
-4.143
-4.080
-4.163
-4.194
-4.132
-4.132
-4.018
-3.967
-3.967
-3.977
-3.915
-3.842
-3.894
-3.573
-3.822
-3.873
-3.645
-3.790
-3.915
-3.946
-3.904
-3.604
-3.780
-3.749
-3.708
-3.697
-3.604
-3.687
-3.635
-3.625
-3.594
-3.604
-3.614
-3.635
-3.542
-3.625
-3.594
-3.573
-3.677
-3.625
-3.625
-3.718
-3.552
-3.604
-3.500
-3.438
-3.469
-3.438
-3.148
-3.428
-3.345
-3.304
-3.324
-3.335
-3.314
-3.293
-3.314
-3.387
-3.376
-3.335
-3.335
-3.283
-3.366
-3.480
-3.293
-3.355
-3.324
-3.273
-3.366
-3.324
-3.304
-3.345
-3.242
-3.293
-3.211
-3.159
-3.231
-3.252
-3.148
-3.107
-3.159
-3.148
-3.138
-3.138
-3.117
-3.117
-3.117
-3.097
-2.983
-3.086
-3.097
-3.169
-3.148
-3.148
-3.086
-3.159
-3.138
-3.107
-3.138
-3.169
-3.117
-3.159
-3.169
-3.190
-3.097
-3.138
-3.086
-3.148
-3.138
-3.148
-3.117
-3.024
-3.086
-3.076
-3.024
-3.014
-3.034
-2.941
-2.983
-2.941
-2.952
-3.066
-2.983
-2.983
-2.921
-2.931
-2.921
-2.900
-2.931
-2.879
-2.900
-2.889
-2.921
-2.910
-2.858
-2.889
-2.921
-2.900
-2.921
-2.910
-2.910
-2.848
-2.910
-2.972
-2.983
-2.889
-2.900
-2.941
-2.952
-2.921
-2.983
-2.983
-2.921
-2.879
-2.921
-2.889
-2.941
-2.889
-2.900
-2.931
-2.910
-2.879
-2.952
-2.755
-2.972
-2.765
-2.900
-2.869
-2.889
-2.889
-2.900
-2.941
-2.921
-2.941
-2.858
-2.921
-2.889
-2.827
-2.900
-3.055
-2.962
-2.827
-2.869
-2.848
-2.838
-2.848
-2.858
-2.817
-2.817
-2.786
-2.796
-2.817
-2.776
-2.796
-2.941
-2.724
-2.765
-2.786
-2.848
-2.827
-2.838
-2.858
-2.817
-2.817
-2.786
-2.817
-2.838
-2.879
-2.838
-2.972
-2.568
-2.858
-2.786
-2.910
-2.827
-2.827
-2.900
-2.848
-2.879
-2.931
-2.921
-2.869
-2.900
-2.889
-3.024
-3.003
-2.962
-3.003
-2.993
-3.003
-3.055
-3.148
-3.066
-3.066
-3.190
-2.962
-3.252
-3.200
-3.231
-3.128
-3.397
-3.221
-3.200
-3.179
-3.179
-3.200
-3.231
-3.159
-3.148
-3.045
-3.211
-3.190
-3.190
-3.221
-3.003
-3.179
-3.190
-3.273
-3.345
-3.376
-3.387
-3.418
-3.449
-3.418
-3.387
-3.449
-3.511
-3.532
-3.490
-3.542
-3.583
-3.500
-3.469
-3.500
-3.490
-3.480
-3.521
-3.552
-3.552
-3.552
-3.635
-3.645
-3.677
-3.708
-3.645
-3.967
-3.801
-3.811
-3.790
-3.583
-3.790
-3.708
-3.822
-3.759
-3.759
-3.801
-3.811
-3.853
-3.873
-3.863
-4.049
-3.935
-4.008
-4.018
-4.112
-3.977
-3.977
-3.998
-3.925
-3.998
-4.008
-4.070
-4.091
-4.112
-4.205
-4.319
-4.184
-4.174
-4.101
-4.298
-4.163
-4.143
-4.194
-4.215
-4.246
-4.319
-4.298
-4.391
-4.329
-4.339
-4.433
-4.225
-4.236
-4.350
-4.360
-4.308
-4.412
-4.474
-4.484
-4.505
-4.443
-4.401
-4.381
-4.391
-4.536
-4.474
-4.484
-4.484
-4.598
-4.650
-4.588
-4.536
-4.557
-4.526
-4.536
-4.339
-4.609
-4.650
-4.774
-4.681
-4.640
-4.640
-4.619
-4.578
-4.691
-4.609
-4.743
-4.805
-4.743
-4.743
-4.640
-4.650
-4.609
-4.712
-4.578
-4.681
-4.785
-4.785
-4.723
-4.795
-4.578
-4.712
-4.660
-4.681
-4.691
-4.774
-4.754
-4.702
-4.650
-4.609
-4.546
-4.702
-4.609
-4.609
-4.650
-4.671
-4.764
-4.764
-4.629
-4.785
-4.578
-4.598
-4.526
-4.650
-4.629
-4.609
-4.754
-4.691
-4.671
-4.526
-4.515
-4.619
-4.557
-4.350
-4.660
-4.598
-4.598
-4.578
-4.598
-4.412
-4.308
-4.308
-4.443
-4.443
-4.412
-4.495
-4.474
-4.505
-4.433
-4.401
-4.360
-4.257
-4.246
-4.257
-4.184
-4.194
-4.360
-4.370
-4.391
-4.298
-4.329
-4.153
-4.153
-4.174
-4.112
-4.060
-4.049
-4.205
-4.153
-4.080
-4.194
-4.225
-4.194
-4.277
-3.904
-4.060
-4.070
-4.029
-4.184
-4.018
-4.060
-4.112
-4.112
-4.153
-4.070
-4.205
-4.132
-4.029
-4.163
-4.080
-4.029
-3.977
-4.008
-4.070
-4.091
-4.070
-4.101
-4.194
-4.225
-4.101
-4.070
-4.101
-4.101
-4.101
-4.018
-4.039
-3.956
-4.018
-4.070
-4.029
-4.101
-4.288
-4.215
-4.122
-4.101
-4.112
-4.101
-4.122
-4.132
-4.143
-4.091
-4.070
-3.977
-4.246
-4.184
-4.246
-4.184
-4.163
-4.080
-4.132
-4.205
-4.112
-4.174
-4.174
-4.174
-4.163
-4.153
-4.391
-4.277
-4.194
-4.215
-4.122
-4.153
-4.091
-4.153
-4.194
-4.122
-4.174
-4.184
-4.194
-4.236
-4.163
-4.122
-4.143
-4.029
-4.122
-3.946
-4.039
-3.956
-4.122
-4.132
-4.091
-4.080
-3.946
-3.935
-4.049
-4.039
-3.946
-3.967
-3.956
-3.915
-3.935
-3.873
-3.884
-3.977
-3.935
-3.925
-3.894
-3.884
-3.842
-3.873
-3.894
-3.780
-3.677
-3.863
-3.728
-3.718
-3.687
-3.811
-3.521
-3.666
-3.708
-3.677
-3.635
-3.728
-3.780
-3.811
-3.718
-3.749
-3.687
-3.635
-3.614
-3.583
-3.521
-3.542
-3.542
-3.511
-3.438
-3.376
-3.480
-3.480
-3.542
-3.418
-3.221
-3.418
-3.459
-3.469
-3.449
-3.480
-3.511
-3.449
-3.563
-3.304
-3.366
-3.345
-3.376
-3.335
-3.252
-3.231
-3.231
-3.366
-3.221
-3.169
-3.179
-3.169
-3.138
-3.086
-3.076
-3.097
-3.117
-3.138
-3.066
-3.128
-3.117
-3.055
-3.117
-3.117
-3.117
-3.138
-3.107
-3.128
-3.128
-3.097
-3.211
-3.200
-3.159
-3.190
-3.055
-3.211
-3.128
-3.066
-3.034
-3.107
-3.045
-3.148
-3.034
-2.972
-2.993
-3.003
-2.931
-3.014
-2.952
-2.921
-2.910
-2.931
-2.848
-2.838
-2.921
-2.858
-2.641
-2.807
-2.796
-2.807
-2.941
-2.703
-2.579
-2.734
-2.744
-2.713
-2.827
-2.631
-2.693
-2.765
-2.713
-2.693
-2.703
-2.734
-2.641
-2.682
-2.672
-2.734
-2.651
-2.631
-2.568
-2.651
-2.662
-2.641
-2.610
-2.631
-2.599
-2.641
-2.631
-2.517
-2.579
-2.682
-2.496
-2.641
-2.558
-2.589
-2.537
-2.537
-2.558
-2.548
-2.568
-2.599
-2.537
-2.579
-2.506
-2.454
-2.610
-2.517
-2.579
-2.486
-2.548
-2.568
-2.517
-2.496
-2.506
-2.527
-2.537
-2.506
-2.517
-2.517
-2.548
-2.620
-2.454
-2.527
-2.537
-2.537
-2.599
-2.496
-2.537
-2.527
-2.568
-2.548
-2.548
-2.610
-2.672
-2.527
-2.651
-2.527
-2.558
-2.620
-2.579
-2.599
-2.610
-2.620
-2.527
-2.641
-2.662
-2.599
-2.703
-2.776
-2.641
-2.672
-2.651
-2.672
-2.755
-2.682
-2.734
-2.713
-2.724
-2.693
-2.776
-2.734
-2.755
-2.900
-2.807
-2.807
-2.869
-2.838
-2.910
-2.921
-2.869
-2.921
-2.921
-2.952
-2.921
-2.983
-2.952
-2.983
-3.097
-3.014
-3.055
-3.066
-3.076
-3.066
-3.117
-3.066
-3.086
-3.055
-3.076
-3.097
-3.066
-3.034
-3.066
-3.086
-3.045
-3.024
-3.045
-3.024
-3.024
-3.024
-3.003
-3.034
-2.983
-3.045
-3.045
-3.014
-3.024
-3.097
-3.086
-3.076
-3.086
-3.097
-3.066
-3.086
-3.097
-3.086
-3.169
-3.148
-3.283
-3.200
-3.200
-3.252
-3.283
-3.242
-3.293
-3.293
-3.345
-3.252
-3.293
-3.262
-3.190
-3.221
-3.190
-3.179
-3.211
-3.148
-3.242
-3.200
-3.128
-3.179
-3.242
-3.107
-3.200
-3.211
-3.242
-3.211
-3.283
-3.242
-3.242
-3.293
-3.262
-3.273
-3.355
-3.490
-3.366
-3.324
-3.231
-3.324
-3.387
-3.055
-3.283
-3.283
-3.159
-3.221
-2.993
-3.200
-3.293
-3.190
-3.159
-3.138
-3.179
-3.148
-3.128
-3.190
-3.211
-3.211
-3.200
-3.252
-3.221
-3.252
-3.262
-3.242
-3.262
-3.335
-3.293
-3.459
-3.428
-3.428
-3.324
-3.345
-3.283
-3.335
-3.262
-3.200
-3.128
-3.252
-3.262
-3.231
-3.252
-3.148
-3.262
-3.231
-3.138
-3.221
-3.262
-3.273
-3.231
-3.086
-3.324
-3.314
-3.355
-3.366
-3.376
-3.387
-3.117
-3.438
-3.573
-3.500
-3.490
-3.459
-3.449
-3.355
-3.355
-3.387
-3.387
-3.428
-3.366
-3.366
-3.293
-3.304
-3.355
-3.314
-3.459
-3.376
-3.449
-3.521
-3.490
-3.532
-3.511
-3.521
-3.563
-3.552
-3.532
-3.469
-3.500
-3.407
-3.500
-3.418
-3.459
-3.500
-3.532
-3.511
-3.500
-3.552
-3.521
-3.532
-3.583
-3.542
-3.604
-3.656
-3.604
-3.697
-3.697
-3.687
-3.645
-3.666
-3.563
-3.583
-3.728
-3.614
-3.594
-3.594
-3.625
-3.656
-3.594
-3.677
-3.666
-3.811
-3.770
-3.801
-3.790
-3.780
-3.894
-3.656
-3.739
-3.708
-3.708
-3.770
-3.801
-3.780
-3.770
-3.822
-3.935
-3.894
-3.956
-3.998
-4.029
-3.987
-3.935
-3.915
-3.904
-3.935
-3.935
-3.987
-4.018
-4.018
-4.039
-4.143
-4.080
-4.205
-4.205
-4.132
-4.112
-4.091
-4.080
-4.070
-4.112
-4.112
-4.122
-4.143
-4.205
-4.319
-4.277
-4.236
-4.153
-4.174
-4.132
-4.132
-4.080
-4.153
-4.153
-4.267
-4.267
-4.277
-4.267
-4.277
-4.246
-4.194
-4.194
-4.029
-4.153
-4.153
-4.153
-4.205
-4.194
-4.194
-4.267
-4.184
-4.298
-4.163
-4.112
-4.112
-4.091
-4.091
-4.039
-4.049
-4.070
-4.101
-4.049
-4.132
-4.153
-4.215
-4.112
-4.080
-4.039
-4.018
-4.008
-3.998
-4.039
-3.956
-3.967
-4.018
-4.018
-4.029
-4.070
-4.029
-4.018
-4.039
-3.946
-3.863
-3.904
-3.873
-3.842
-3.873
-3.822
-3.853
-3.811
-3.894
-3.915
-3.925
-4.008
-3.884
-3.915
-3.832
-3.614
-3.811
-3.687
-3.656
-3.718
-3.614
-3.697
-3.739
-3.718
-3.718
-3.697
-3.884
-3.728
-3.770
-3.915
-3.728
-3.635
-3.645
-3.604
-3.625
-3.604
-3.500
-3.521
-3.511
-3.480
-3.469
-3.532
-3.511
-3.283
-3.480
-3.480
-3.397
-3.490
-3.500
-3.542
-3.542
-3.500
-3.490
-3.428
-3.459
-3.511
-3.387
-3.397
-3.314
-3.211
-3.418
-3.335
-3.211
-3.262
-3.231
-3.231
-3.221
-3.179
-3.159
-3.200
-3.190
-3.190
-3.211
-3.159
-3.211
-3.211
-3.190
-3.128
-3.148
-3.138
-3.148
-3.262
-3.179
-3.169
-3.159
-3.179
-3.024
-3.148
-3.200
-3.159
-3.159
-3.211
-3.097
-3.045
-3.086
-3.034
-3.055
-3.034
-3.045
-3.003
-2.993
-2.993
-3.014
-2.900
-3.003
-3.086
-2.972
-3.117
-3.003
-3.024
-2.993
-3.003
-3.055
-3.086
-3.055
-3.117
-3.107
-3.055
-3.076
-3.148
-3.231
-3.200
-3.242
-3.273
-3.304
-3.273
-3.283
-3.324
-3.324
-3.355
-3.252
-3.262
-3.231
-3.366
-3.211
-3.366
-3.262
-3.252
-3.242
-3.211
-3.231
-3.211
-3.273
-3.252
-3.138
-3.283
-3.324
-3.459
-3.283
-3.283
-3.366
-3.407
-3.376
-3.397
-3.418
-3.376
-3.428
-3.428
-3.459
-3.397
-3.117
-3.314
-3.366
-3.335
-3.355
-3.376
-3.376
-3.355
-3.179
-3.376
-3.490
-3.407
-3.428
-3.428
-3.490
-3.532
-3.355
-3.573
-3.594
-3.594
-3.604
-3.645
-3.625
-3.594
-3.604
-3.314
-3.563
-3.687
-3.594
-3.594
-3.656
-3.500
-3.666
-3.749
-3.801
-3.759
-3.863
-3.884
-3.853
-3.977
-3.780
-3.822
-3.801
-3.811
-3.822
-3.832
-3.811
-3.832
-3.967
-4.122
-3.987
-4.049
-4.049
-4.184
-4.039
-3.967
-3.956
-3.967
-3.967
-3.967
-3.998
-4.029
-4.039
-4.143
-4.184
-4.194
-4.153
-4.112
-4.143
-4.122
-4.080
-4.080
-4.122
-4.122
-4.163
-4.184
-4.298
-4.298
-4.484
-4.257
-4.288
-4.360
-4.194
-4.215
-4.225
-4.246
-4.257
-4.339
-4.370
-4.360
-4.391
-4.329
-4.339
-4.329
-4.298
-4.298
-4.246
-4.246
-4.298
-4.360
-4.433
-4.453
-4.401
-4.339
-4.319
-4.143
-4.308
-4.288
-4.329
-4.288
-4.381
-4.339
-4.515
-4.412
-4.370
-4.381
-4.319
-4.143
-4.257
-4.143
-4.288
-4.288
-4.401
-4.464
-4.339
-4.412
-4.246
-4.246
-4.194
-4.257
-4.288
-4.298
-4.308
-4.350
-4.360
-4.412
-4.329
-4.350
-4.329
-4.236
-4.205
-4.225
-4.215
-4.267
-4.257
-4.319
-4.422
-4.381
-4.412
-4.298
-4.277
-4.163
-4.215
-4.174
-4.194
-4.236
-4.225
-4.018
-4.257
-4.298
-4.298
-4.277
-4.205
-4.080
-4.132
-4.039
-4.194
-4.132
-4.153
-4.205
-4.163
-4.215
-4.215
-4.194
-4.143
-4.163
-4.091
-4.060
-4.080
-4.039
-4.080
-4.039
-4.091
-4.049
-4.143
-4.174
-4.143
-4.101
-4.080
-4.039
-4.018
-4.049
-3.967
-3.967
-4.008
-3.998
-3.987
-4.008
-3.987
-4.101
-4.122
-4.101
-4.029
-4.080
-3.946
-3.946
-3.925
-3.915
-3.925
-3.915
-3.956
-3.977
-3.946
-3.998
-4.018
-4.060
-4.029
-3.967
-3.946
-3.873
-3.894
-3.853
-3.842
-3.884
-3.832
-3.904
-3.894
-3.894
-3.925
-3.915
-3.967
-3.977
-3.935
-3.780
-3.697
-3.552
-3.790
-3.811
-3.770
-3.759
-3.811
-3.770
-3.822
-3.739
-3.822
-3.873
-3.863
-3.863
-3.832
-3.770
-3.749
-3.739
-3.697
-3.666
-3.666
-3.780
-3.708
-3.697
-3.697
-3.708
-3.749
-3.770
-3.790
-3.822
-3.811
-3.770
-3.770
-3.780
-3.708
-3.666
-3.656
-3.645
-3.614
-3.604
-3.583
-3.666
-3.656
-3.656
-3.656
-3.677
-3.677
-3.728
-3.739
-3.708
-3.728
-3.697
-3.666
-3.635
-3.614
-3.594
-3.573
-3.583
-3.552
-3.563
-3.594
-3.532
-3.563
-3.583
-3.604
-3.645
-3.687
-3.656
-3.718
-3.687
-3.656
-3.645
-3.635
-3.563
-3.573
-3.563
-3.511
-3.490
-3.490
-3.532
-3.532
-3.563
-3.532
-3.573
-3.511
-3.469
-3.594
-3.625
-3.625
-3.666
-3.656
-3.656
-3.583
-3.583
-3.542
-3.428
-3.469
-3.490
-3.490
-3.418
-3.490
-3.449
-3.459
-3.438
-3.500
-3.511
-3.490
-3.708
-3.583
-3.583
-3.573
-3.697
-3.801
-3.583
-3.604
-3.625
-3.500
-3.552
-3.573
-3.521
-3.542
-3.542
-3.552
-3.542
-3.500
-3.583
-3.542
-3.594
-3.645
-3.677
-3.697
-3.645
-3.749
-3.749
-3.677
-3.645
-3.645
-3.532
-3.666
-3.604
-3.625
-3.635
-3.656
-3.625
-3.438
-3.697
-3.687
-3.708
-3.770
-3.801
-3.801
-3.801
-3.645
-3.739
-3.739
-3.625
-3.614
-3.635
-3.614
-3.656
-3.687
-3.418
-3.666
-3.635
-3.677
-3.656
-3.728
-3.718
-3.873
-3.666
-3.635
-3.677
-3.594
-3.583
-3.563
-3.521
-3.490
-3.490
-3.480
-3.459
-3.469
-3.480
-3.449
-3.221
-3.490
-3.511
-3.511
-3.542
-3.542
-3.573
-3.542
-3.604
-3.490
-3.480
-3.500
-3.449
-3.387
-3.500
-3.407
-3.128
-3.355
-3.345
-3.335
-3.376
-3.324
-3.304
-3.418
-3.335
-3.324
-3.335
-3.335
-3.335
-3.345
-3.366
-3.376
-3.345
-3.418
-3.387
-3.387
-3.397
-3.355
-3.345
-3.211
-3.283
-3.293
-3.283
-3.242
-3.024
-3.221
-3.221
-3.231
-3.221
-3.231
-3.221
-3.231
-3.200
-3.231
-3.128
-3.242
-3.262
-3.252
-3.293
-3.293
-3.242
-3.335
-3.231
-3.366
-3.407
-3.438
-3.376
-3.376
-3.345
-3.324
-3.428
-3.335
-3.335
-3.407
-3.293
-3.428
-3.314
-3.366
-3.387
-3.366
-3.428
-3.376
-3.449
-3.469
-3.449
-3.521
-3.521
-3.573
-3.625
-3.594
-3.635
-3.542
-3.563
-3.480
-3.490
-3.532
-3.594
-3.480
-3.480
-3.521
-3.521
-3.480
-3.511
-3.459
-3.521
-3.583
-3.511
-3.604
-3.594
-3.625
-3.759
-3.625
-3.666
-3.625
-3.511
-3.500
-3.469
-3.490
-3.521
-3.521
-3.459
-3.449
-3.469
-3.480
-3.459
-3.418
-3.480
-3.532
-3.521
-3.552
-3.542
-3.573
-3.563
-3.573
-3.490
-3.490
-3.387
-3.418
-3.428
-3.376
-3.366
-3.355
-3.252
-3.324
-3.366
-3.355
-3.304
-3.304
-3.366
-3.366
-3.273
-3.366
-3.407
-3.366
-3.438
-3.283
-3.428
-3.387
-3.459
-3.449
-3.438
-3.387
-3.480
-3.345
-3.314
-3.397
-3.335
-3.252
-3.200
-3.355
-3.262
-3.211
-3.304
-3.242
-3.221
-3.252
-3.221
-3.252
-3.262
-3.107
-3.211
-3.211
-3.273
-3.242
-3.283
-3.428
-3.283
-3.293
-3.169
-3.490
-3.304
-3.314
-3.335
-3.335
-3.169
-3.252
-3.138
-3.262
-3.231
-3.273
-3.221
-3.200
-3.252
-3.200
-3.190
-3.117
-3.242
-3.293
-3.221
-3.273
-3.211
-3.242
-3.283
-3.221
-3.242
-3.283
-3.211
-3.262
-3.200
-3.335
-3.366
-3.304
-3.355
-3.324
-3.293
-3.366
-3.231
-3.252
-3.211
-3.200
-3.252
-3.211
-3.159
-3.169
-3.179
-3.190
-3.179
-3.190
-3.211
-3.231
-3.221
-3.231
-3.242
-3.231
-3.273
-3.304
-3.314
-3.314
-3.324
-3.376
-3.397
-3.418
-3.428
-3.428
-3.438
-3.428
-3.407
-3.438
-3.376
-3.428
-3.397
-3.387
-3.376
-3.407
-3.428
-3.397
-3.428
-3.469
-3.459
-3.532
-3.511
-3.573
-3.552
-3.542
-3.594
-3.604
-3.573
-3.552
-3.573
-3.552
-3.500
-3.490
-3.490
-3.469
-3.490
-3.469
-3.490
-3.500
-3.521
-3.532
-3.573
-3.594
-3.552
-3.594
-3.604
-3.635
-3.635
-3.625
-3.583
-3.583
-3.542
-3.532
-3.521
-3.500
-3.469
-3.273
-3.480
-3.438
-3.469
-3.480
-3.469
-3.459
-3.500
-3.511
-3.511
-3.552
-3.563
-3.552
-3.573
-3.521
-3.490
-3.500
-3.594
-3.407
-3.490
-3.366
-3.324
-3.283
-3.355
-3.387
-3.324
-3.304
-3.345
-3.314
-3.335
-3.324
-3.345
-3.387
-3.428
-3.376
-3.387
-3.397
-3.449
-3.397
-3.397
-3.500
-3.459
-3.407
-3.366
-3.376
-3.355
-3.314
-3.324
-3.293
-3.293
-3.304
-3.324
-3.335
-3.283
-3.324
-3.387
-3.169
-3.449
-3.490
-3.500
-3.532
-3.542
-3.614
-3.625
-3.635
-3.604
-3.625
-3.542
-3.583
-3.687
-3.480
-3.563
-3.583
-3.500
-3.490
-3.532
-3.563
-3.594
-3.645
-3.656
-3.687
-3.728
-3.697
-3.749
-3.770
-3.542
-3.759
-3.677
-3.759
-3.697
-3.708
-3.718
-3.770
-3.759
-3.790
-3.832
-3.853
-3.915
-3.977
-3.987
-3.967
-3.708
-3.915
-3.853
-3.925
-3.873
-3.904
-3.873
-3.925
-4.132
-4.018
-3.987
-4.080
-4.091
-4.049
-4.080
-4.029
-4.029
-4.018
-3.998
-4.153
-4.070
-4.122
-4.091
-4.225
-4.267
-4.215
-4.267
-4.153
-4.184
-4.163
-4.101
-4.163
-4.153
-4.163
-4.225
-4.225
-4.298
-4.308
-4.277
-4.288
-4.174
-4.205
-4.132
-4.143
-4.132
-4.153
-4.153
-3.925
-4.205
-4.246
-4.246
-4.257
-4.143
-4.205
-4.132
-4.080
-4.112
-4.122
-4.174
-4.143
-4.153
-4.184
-4.246
-4.257
-4.257
-4.174
-4.215
-4.205
-4.163
-4.143
-4.163
-4.163
-4.215
-4.308
-4.319
-4.350
-4.350
-4.298
-4.277
-4.257
-4.277
-4.319
-4.298
-4.319
-4.350
-4.401
-4.412
-4.526
-4.360
-4.329
-4.319
-4.319
-4.277
-4.308
-4.339
-4.401
-4.443
-4.453
-4.505
-4.422
-4.401
-4.370
-4.350
-4.360
-4.443
-4.422
-4.526
-4.484
-4.536
-4.515
-4.453
-4.381
-4.401
-4.391
-4.401
-4.422
-4.464
-4.484
-4.567
-4.536
-4.515
-4.443
-4.174
-4.412
-4.401
-4.422
-4.443
-4.536
-4.588
-4.619
-4.588
-4.526
-4.505
-4.484
-4.484
-4.515
-4.526
-4.567
-4.609
-4.619
-4.640
-4.557
-4.546
-4.526
-4.526
-4.578
-4.557
-4.567
-4.578
-4.629
-4.619
-4.557
-4.505
-4.484
-4.474
-4.381
-4.443
-4.433
-4.464
-4.526
-4.515
-4.567
-4.422
-4.350
-4.319
-4.267
-4.412
-4.267
-4.339
-4.319
-4.350
-4.350
-4.329
-4.308
-4.246
-4.184
-4.163
-4.215
-4.101
-4.101
-4.132
-4.101
-4.112
-4.122
-4.132
-4.060
-4.091
-4.112
-4.008
-4.060
-3.853
-3.915
-3.904
-3.822
-3.853
-3.915
-3.904
-3.925
-3.935
-3.935
-3.956
-3.935
-3.925
-3.884
-3.780
-3.780
-3.739
-3.822
-3.687
-3.718
-3.739
-3.718
-3.677
-3.708
-3.697
-3.832
-3.780
-3.739
-3.790
-3.666
-3.666
-3.677
-3.718
-3.594
-3.604
-3.552
-3.521
-3.583
-3.521
-3.521
-3.418
-3.449
-3.573
-3.459
-3.480
-3.469
-3.542
-3.532
-3.500
-3.521
-3.407
-3.542
-3.438
-3.490
-3.397
-3.563
-3.428
-3.480
-3.335
-3.335
-3.314
-3.252
-3.324
-3.273
-3.231
-3.262
-3.273
-3.273
-3.252
-3.138
-3.200
-3.324
-3.293
-3.273
-3.304
-3.293
-3.262
-3.283
-3.314
-3.304
-3.293
-3.283
-3.273
-3.273
-3.231
-3.169
-3.169
-3.324
-3.107
-3.138
-3.097
-3.076
-3.024
-3.107
-2.993
-3.076
-2.838
-3.014
-2.983
-2.993
-2.983
-2.972
-3.024
-2.941
-2.972
-2.993
-2.952
-2.952
-2.993
-2.734
-2.921
-2.952
-2.931
-2.941
-2.921
-2.921
-2.941
-2.931
-2.941
-2.910
-2.744
-2.941
-2.921
-2.931
-2.952
-2.931
-2.952
-2.962
-2.972
-3.034
-2.776
-2.962
-3.034
-2.941
-2.972
-2.962
-2.962
-2.952
-2.921
-2.931
-2.931
-2.910
-2.910
-2.931
-2.796
-2.869
-2.879
-2.869
-2.848
-2.786
-2.807
-2.817
-2.807
-2.827
-2.786
-2.786
-2.786
-2.744
-2.755
-2.496
-2.724
-2.713
-2.703
-2.713
-2.693
-2.693
-2.682
-2.682
-2.662
-2.693
-2.682
-2.672
-2.672
-2.682
-2.672
-2.651
-2.672
-2.651
-2.651
-2.641
-2.662
-2.672
-2.641
-2.651
-2.631
-2.672
-2.672
-2.672
-2.403
-2.672
-2.693
-2.672
-2.651
-2.651
-2.662
-2.682
-2.672
-2.672
-2.662
-2.662
-2.620
-2.662
-2.662
-2.651
-2.672
-2.599
-2.662
-2.662
-2.755
-2.641
-2.434
-2.682
-2.537
-2.641
-2.693
-2.693
-2.869
-2.734
-2.672
-2.755
-2.734
-2.703
-2.734
-2.734
-2.755
-2.662
-2.900
-2.755
-2.879
-2.755
-2.796
-2.931
-2.786
-2.651
-2.858
-2.755
-2.889
-2.993
-2.972
-3.003
-2.900
-2.941
-2.993
-2.972
-2.931
-2.983
-3.034
-3.024
-3.055
-3.076
-2.910
-3.045
-3.097
-3.128
-3.117
-3.076
-3.086
-3.148
-3.076
-3.076
-3.148
-3.107
-3.086
-3.034
-3.107
-3.045
-3.128
-3.024
-3.076
-3.128
-3.097
-3.117
-3.138
-3.107
-3.128
-3.128
-3.159
-3.179
-3.221
-3.107
-3.231
-3.221
-3.242
-3.283
-3.304
-3.283
-3.324
-3.324
-3.428
-3.449
-3.283
-3.304
-3.293
-3.273
-3.242
-3.304
-3.190
-3.273
-3.252
-3.273
-3.211
-3.211
-3.397
-3.304
-3.304
-3.304
-3.335
-3.366
-3.345
-3.293
-3.449
-3.469
-3.583
-3.532
-3.583
-3.604
-3.563
-3.552
-3.511
-3.563
-3.500
-3.532
-3.490
-3.604
-3.490
-3.542
-3.532
-3.500
-3.542
-3.511
-3.542
-3.532
-3.469
-3.583
-3.583
-3.614
-3.625
-3.656
-3.594
-3.563
-3.521
-3.521
-3.521
-3.469
-3.500
-3.490
-3.521
-3.490
-3.521
-3.521
-3.563
-3.542
-3.594
-3.656
-3.697
-3.666
-3.656
-3.687
-3.635
-3.656
-3.614
-3.583
-3.573
-3.645
-3.521
-3.521
-3.355
-3.532
-3.532
-3.573
-3.583
-3.583
-3.583
-3.614
-3.614
-3.645
-3.677
-3.656
-3.656
-3.635
-3.697
-3.604
-3.552
-3.552
-3.500
-3.532
-3.500
-3.459
-3.376
-3.511
-3.552
-3.521
-3.532
-3.563
-3.583
-3.594
-3.594
-3.625
-3.645
-3.635
-3.614
-3.594
-3.697
-3.563
-3.521
-3.521
-3.604
-3.490
-3.511
-3.511
-3.500
-3.500
-3.521
-3.552
-3.552
-3.563
-3.583
-3.583
-3.645
-3.635
-3.770
-3.656
-3.656
-3.542
-3.604
-3.563
-3.532
-3.532
-3.552
-3.511
-3.521
-3.625
-3.552
-3.428
-3.573
-3.594
-3.687
-3.677
-3.697
-3.697
-3.832
-3.739
-3.739
-3.645
-3.594
-3.583
-3.563
-3.542
-3.604
-3.552
-3.552
-3.635
-3.614
-3.521
-3.666
-3.666
-3.645
-3.811
-3.697
-3.656
-3.759
-3.645
-3.708
-3.521
-3.594
-3.563
-3.563
-3.563
-3.552
-3.552
-3.428
-3.552
-3.387
-3.583
-3.645
-3.573
-3.687
-3.604
-3.697
-3.677
-3.708
-3.697
-3.635
-3.604
-3.573
-3.521
-3.614
-3.573
-3.449
-3.500
-3.583
-3.583
-3.500
-3.542
-3.563
-3.532
-3.625
-3.635
-3.397
-3.542
-3.635
-3.552
-3.594
-3.563
-3.418
-3.428
-3.469
-3.490
-3.459
-3.438
-3.418
-3.397
-3.459
-3.583
-3.376
-3.418
-3.500
-3.521
-3.563
-3.583
-3.583
-3.594
-3.687
-3.604
-3.666
-3.583
-3.542
-3.614
-3.583
-3.552
-3.552
-3.428
-3.490
-3.490
-3.708
-3.397
-3.552
-3.532
-3.583
-3.614
-3.511
-3.677
-3.677
-3.718
-3.666
-3.583
-3.645
-3.625
-3.594
-3.552
-3.511
-3.583
-3.500
-3.625
-3.511
-3.521
-3.542
-3.563
-3.614
-3.583
-3.407
-3.614
-3.687
-3.677
-3.677
-3.614
-3.583
-3.635
-3.594
-3.552
-3.511
-3.511
-3.521
-3.511
-3.480
-3.521
-3.521
-3.449
-3.532
-3.542
-3.521
-3.583
-3.397
-3.645
-3.594
-3.583
-3.687
-3.552
-3.480
-3.490
-3.490
-3.428
-3.428
-3.407
-3.366
-3.355
-3.387
-3.355
-3.345
-3.355
-3.366
-3.521
-3.355
-3.376
-3.387
-3.407
-3.407
-3.438
-3.449
-3.449
-3.459
-3.418
-3.376
-3.397
-3.387
-3.376
-3.293
-3.345
-3.221
-3.231
-3.273
-3.242
-3.231
-3.231
-3.231
-3.231
-3.221
-3.345
-3.283
-3.345
-3.252
-3.242
-3.252
-3.376
-3.273
-3.252
-3.262
-3.304
-3.304
-3.324
-3.324
-3.324
-3.262
-3.242
-3.335
-3.262
-3.242
-3.242
-3.262
-3.211
-3.242
-3.159
-3.138
-3.211
-3.231
-3.221
-3.231
-3.148
-3.169
-3.200
-3.262
-3.252
-3.242
-3.138
-3.293
-3.273
-3.324
-3.283
-3.283
-3.324
-3.304
-3.304
-3.273
-3.221
-3.293
-3.283
-3.221
-3.211
-3.179
-3.066
-3.097
-3.169
-3.086
-3.117
-3.128
-3.097
-3.086
-3.159
-3.138
-3.024
-3.086
-3.076
-3.024
-3.034
-3.097
-3.097
-3.045
-3.138
-3.128
-3.148
-3.159
-3.169
-3.169
-3.221
-3.138
-3.179
-3.179
-3.086
-3.169
-3.242
-3.211
-3.252
-3.293
-3.200
-3.138
-3.231
-3.221
-3.200
-3.138
-3.211
-3.076
-3.138
-2.952
-3.076
-3.211
-2.869
-3.138
-3.200
-3.138
-3.159
-3.148
-3.190
-3.200
-3.117
-3.169
-3.242
-3.221
-3.252
-3.324
-3.211
-3.107
-3.283
-3.283
-3.262
