-6.062
-5.948
-5.990
-6.031
-6.124
-6.124
-6.021
-5.980
-6.000
-6.042
-6.114
-6.114
-6.000
-5.990
-5.959
-6.042
-6.145
-6.104
-5.969
-5.803
-5.980
-6.031
-6.104
-6.011
-5.938
-5.928
-5.969
-6.011
-6.073
-5.959
-5.928
-6.011
-5.938
-6.021
-6.031
-5.948
-5.855
-5.886
-5.948
-6.011
-6.031
-5.969
-6.021
-5.876
-5.948
-6.021
-6.052
-5.917
-5.938
-5.928
-5.990
-6.031
-5.990
-5.917
-5.886
-5.917
-5.959
-6.145
-5.980
-5.938
-5.907
-5.897
-6.000
-6.073
-5.969
-5.948
-5.990
-5.876
-6.042
-6.083
-6.000
-5.959
-5.980
-6.011
-6.124
-6.228
-6.000
-5.969
-5.990
-6.042
-6.145
-6.083
-6.011
-6.011
-6.021
-6.104
-6.166
-6.052
-6.062
-6.021
-6.062
-6.176
-6.135
-6.062
-5.990
-6.021
-6.031
-6.156
-6.000
-5.990
-6.000
-5.990
-6.073
-6.176
-6.083
-5.969
-6.031
-6.011
-6.083
-6.104
-6.000
-5.980
-5.969
-6.031
-6.104
-6.083
-6.073
-5.948
-5.990
-6.062
-6.166
-6.042
-5.980
-5.948
-6.000
-6.042
-6.114
-6.042
-5.969
-5.948
-6.021
-6.042
-6.104
-6.011
-6.011
-6.011
-6.073
-6.114
-5.948
-6.031
-5.980
-6.000
-6.073
-6.135
-6.073
-6.000
-6.011
-6.011
-6.135
-6.176
-6.093
-6.093
-5.990
-6.042
-6.166
-6.114
-6.011
-5.990
-6.021
-6.073
-6.176
-6.093
-6.021
-5.917
-6.042
-6.073
-6.124
-6.031
-5.980
-6.000
-6.021
-6.073
-6.207
-5.990
-5.969
-5.969
-6.011
-6.114
-6.021
-5.980
-5.938
-5.980
-6.021
-6.083
-6.114
-5.948
-5.959
-5.959
-6.031
-6.073
-5.980
-5.803
-5.969
-5.938
-6.000
-6.083
-5.980
-5.969
-5.897
-6.031
-6.062
-6.073
-6.000
-5.948
-5.969
-6.021
-6.207
-6.083
-5.948
-5.990
-6.062
-5.969
-6.062
-6.042
-5.980
-5.928
-5.969
-6.073
-6.073
-5.980
-5.948
-6.000
-6.021
-6.021
-6.124
-6.062
-5.886
-5.907
-5.980
-6.042
-6.031
-5.938
-5.907
-5.928
-5.959
-6.042
-5.907
-5.948
-5.917
-5.948
-5.980
-6.062
-6.011
-5.938
-5.866
-5.917
-5.959
-6.031
-5.969
-5.907
-5.793
-5.897
-6.000
-5.990
-5.917
-5.969
-5.783
-5.886
-5.948
-5.928
-5.938
-5.876
-5.866
-5.897
-5.948
-6.011
-5.917
-5.876
-5.835
-5.814
-6.031
-6.062
-5.835
-5.835
-5.866
-5.824
-5.948
-5.990
-5.917
-5.845
-5.824
-5.835
-5.938
-5.948
-5.907
-5.845
-5.835
-5.669
-5.886
-5.948
-5.866
-5.835
-5.824
-5.928
-5.855
-5.907
-5.824
-5.866
-5.690
-5.845
-5.814
-5.948
-5.917
-5.803
-5.907
-5.814
-5.855
-5.928
-5.948
-5.897
-5.721
-5.835
-5.866
-5.876
-5.886
-5.803
-5.803
-5.835
-5.855
-5.959
-5.897
-5.855
-5.814
-5.845
-5.897
-6.021
-5.917
-5.845
-5.897
-5.845
-5.876
-6.042
-5.907
-5.855
-5.835
-5.855
-5.886
-5.959
-5.948
-5.876
-5.866
-5.876
-5.907
-6.000
-5.959
-5.835
-5.886
-5.814
-5.721
-5.969
-5.980
-5.617
-5.824
-5.824
-5.866
-5.948
-5.917
-5.835
-5.783
-5.793
-5.855
-5.938
-5.907
-5.845
-5.783
-5.824
-5.845
-5.917
-5.990
-5.855
-5.741
-5.793
-5.824
-5.917
-5.886
-5.814
-5.803
-5.772
-5.627
-5.980
-5.917
-5.824
-5.772
-5.824
-5.627
-5.845
-5.907
-5.845
-5.721
-5.710
-5.669
-5.897
-5.928
-5.803
-5.783
-5.793
-5.793
-5.835
-5.928
-5.783
-5.783
-5.783
-5.824
-5.845
-5.917
-5.855
-5.814
-5.803
-5.803
-5.876
-5.959
-5.897
-5.824
-5.793
-5.835
-5.772
-5.948
-6.042
-5.866
-5.835
-5.793
-5.855
-5.959
-5.876
-5.824
-5.793
-5.835
-5.907
-5.969
-5.607
-5.876
-5.793
-5.886
-5.886
-5.969
-5.928
-5.917
-5.866
-5.845
-5.917
-5.980
-5.907
-5.866
-5.845
-5.793
-5.948
-5.959
-5.948
-5.824
-5.835
-5.835
-5.690
-6.021
-5.907
-5.876
-5.835
-5.855
-5.959
-5.990
-5.793
-5.855
-5.824
-5.710
-6.000
-6.011
-5.938
-5.886
-5.845
-5.897
-5.752
-6.031
-5.938
-5.907
-5.917
-5.969
-6.021
-6.083
-5.969
-5.835
-5.990
-6.073
-6.093
-6.135
-6.228
-5.803
-6.042
-6.104
-6.187
-6.124
-5.835
-6.073
-6.093
-6.114
-6.114
-6.062
-6.166
-6.104
-6.207
-6.311
-6.187
-6.114
-6.114
-6.166
-6.280
-6.259
-6.135
-6.156
-6.228
-6.218
-6.218
-6.363
-6.135
-6.104
-6.166
-6.249
-6.228
-6.135
-6.238
-6.166
-6.197
-6.249
-6.176
-6.156
-6.145
-6.135
-6.301
-6.238
-6.124
-6.259
-6.093
-6.321
-6.269
-6.218
-6.124
-6.093
-6.280
-6.259
-6.259
-5.928
-6.135
-6.187
-6.228
-6.228
-6.156
-6.104
-6.104
-6.145
-6.249
-6.207
-6.104
-6.093
-6.207
-6.187
-6.176
-6.176
-6.073
-6.062
-6.073
-6.176
-6.187
-6.093
-6.062
-6.073
-6.228
-6.176
-6.124
-6.021
-6.052
-6.104
-6.187
-6.176
-6.042
-6.011
-5.948
-6.062
-6.124
-6.145
-5.980
-6.104
-6.021
-6.052
-6.228
-6.093
-6.021
-6.021
-6.021
-6.042
-6.145
-6.093
-6.031
-6.021
-6.042
-6.104
-6.083
-6.124
-5.969
-6.011
-6.114
-6.083
-6.228
-5.959
-5.980
-6.011
-6.031
-6.124
-6.062
-5.959
-5.959
-5.897
-6.166
-6.145
-5.959
-5.959
-5.969
-6.031
-5.845
-6.052
-6.042
-5.938
-5.959
-5.990
-6.062
-6.083
-5.969
-6.073
-5.938
-6.166
-6.104
-6.073
-5.948
-6.000
-5.938
-6.104
-6.073
-6.042
-5.959
-6.000
-5.990
-6.062
-6.093
-5.969
-6.000
-5.917
-6.000
-6.062
-6.042
-5.928
-5.917
-6.031
-5.866
-6.000
-6.062
-5.938
-5.917
-5.938
-6.052
-6.052
-5.990
-5.886
-5.866
-5.886
-5.990
-6.021
-6.000
-5.938
-5.897
-5.917
-5.928
-6.042
-6.031
-5.855
-5.959
-5.959
-6.021
-6.135
-5.969
-5.959
-5.928
-5.907
-6.000
-6.114
-5.948
-5.772
-5.897
-5.969
-5.928
-6.083
-5.980
-5.948
-5.948
-5.948
-6.011
-6.042
-5.948
-5.917
-5.938
-5.980
-6.124
-5.959
-5.948
-6.000
-5.928
-6.021
-6.124
-6.021
-6.114
-5.928
-5.959
-6.021
-6.093
-6.062
-5.959
-5.710
-5.928
-6.083
-6.176
-5.959
-5.990
-6.000
-5.969
-6.083
-6.052
-5.948
-5.938
-5.938
-5.980
-6.052
-6.073
-5.969
-5.917
-5.855
-6.104
-6.104
-6.021
-5.917
-5.917
-5.980
-5.948
-6.052
-5.990
-5.928
-5.907
-5.658
-6.000
-6.062
-5.990
-5.990
-5.959
-5.948
-5.969
-6.042
-5.990
-5.845
-5.897
-5.948
-6.011
-6.031
-6.083
-5.855
-5.897
-6.052
-6.042
-6.042
-5.948
-5.866
-5.741
-5.948
-5.980
-5.783
-5.928
-5.876
-5.886
-5.980
-6.021
-6.021
-5.969
-5.907
-5.917
-5.948
-6.011
-5.980
-5.876
-5.917
-5.907
-5.948
-6.062
-6.073
-5.948
-5.845
-5.948
-5.948
-6.021
-6.000
-5.948
-5.928
-5.907
-5.969
-6.093
-5.980
-5.897
-5.917
-5.741
-6.011
-6.011
-6.031
-5.948
-5.845
-5.938
-6.021
-5.917
-5.938
-5.907
-5.959
-5.938
-6.000
-6.021
-5.980
-5.845
-5.866
-6.011
-5.990
-6.104
-5.938
-5.876
-5.824
-5.897
-5.959
-5.980
-5.814
-5.855
-5.866
-6.031
-5.917
-5.980
-5.803
-5.824
-5.897
-5.938
-5.959
-5.980
-5.876
-5.762
-5.917
-5.886
-5.969
-5.959
-5.876
-5.814
-5.700
-5.866
-6.000
-5.990
-5.917
-5.814
-5.907
-5.886
-5.959
-5.969
-6.021
-5.959
-5.876
-5.928
-6.000
-5.969
-5.866
-5.917
-5.917
-5.907
-6.021
-6.052
-5.938
-5.845
-5.928
-5.907
-6.021
-5.980
-5.917
-5.855
-5.917
-6.031
-6.031
-5.938
-5.886
-5.886
-5.917
-6.052
-6.052
-6.042
-6.011
-5.938
-5.990
-6.083
-6.042
-6.083
-5.969
-6.021
-6.021
-6.093
-6.104
-5.917
-6.021
-6.073
-6.083
-6.228
-6.135
-5.897
-6.124
-6.166
-6.124
-6.197
-6.166
-6.238
-6.156
-6.290
-6.321
-6.207
-6.207
-6.228
-6.301
-6.383
-6.414
-6.238
-6.321
-6.477
-6.383
-6.456
-6.383
-6.383
-6.342
-6.466
-6.404
-6.373
-6.259
-6.373
-6.456
-6.591
-6.342
-6.352
-6.425
-6.414
-6.508
-6.570
-6.414
-6.373
-6.425
-6.466
-6.425
-6.394
-6.342
-6.394
-6.601
-6.342
-6.290
-6.269
-6.352
-6.487
-6.414
-6.280
-6.311
-6.352
-6.352
-6.414
-6.280
-6.259
-6.238
-6.259
-6.383
-6.269
-6.207
-6.249
-6.269
-6.456
-6.342
-6.269
-6.218
-6.156
-6.363
-6.332
-6.228
-6.176
-6.156
-6.311
-6.342
-6.238
-6.176
-6.176
-6.197
-6.280
-6.321
-6.166
-6.114
-6.218
-6.332
-6.301
-6.207
-6.166
-6.176
-6.176
-6.269
-6.269
-6.124
-6.114
-6.124
-6.280
-6.249
-6.197
-6.156
-6.104
-6.207
-6.259
-6.269
-6.135
-6.114
-6.187
-6.156
-6.228
-6.145
-6.135
-6.259
-6.207
-6.311
-6.238
-6.218
-6.145
-6.259
-6.342
-6.290
-6.249
-6.166
-6.166
-6.218
-6.280
-6.311
-6.176
-6.187
-6.259
-6.332
-6.290
-6.332
-6.062
-6.238
-6.321
-6.228
-6.197
-6.021
-6.207
-6.218
-6.311
-6.280
-6.176
-6.207
-6.166
-6.425
-6.301
-6.290
-6.104
-6.228
-6.301
-6.332
-6.238
-6.176
-6.124
-6.280
-6.280
-6.249
-6.228
-6.156
-6.249
-6.052
-6.414
-6.228
-6.218
-6.321
-6.269
-6.363
-6.332
-6.332
-6.332
-6.301
-6.394
-6.425
-6.269
-6.342
-6.383
-6.539
-6.435
-6.342
-6.290
-6.497
-6.456
-6.456
-6.404
-6.497
-6.414
-6.559
-6.549
-6.435
-6.435
-6.497
-6.559
-6.601
-6.477
-6.497
-6.539
-6.549
-6.601
-6.477
-6.518
-6.497
-6.601
-6.611
-6.487
-6.528
-6.591
-6.466
-6.673
-6.549
-6.601
-6.601
-6.642
-6.591
-6.559
-6.539
-6.622
-6.715
-6.673
-6.549
-6.642
-6.767
-6.736
-6.684
-6.653
-6.736
-6.767
-6.704
-6.622
-6.673
-6.736
-6.860
-6.736
-6.684
-6.684
-6.787
-6.860
-6.736
-6.694
-6.963
-6.849
-6.943
-6.756
-6.746
-6.839
-6.922
-6.756
-6.704
-6.787
-6.798
-6.901
-6.922
-6.829
-6.870
-7.129
-6.922
-6.860
-6.963
-6.994
-7.119
-6.787
-6.953
-6.994
-7.015
-7.036
-6.922
-7.046
-7.057
-7.098
-7.098
-6.963
-7.088
-7.098
-7.005
-7.036
-7.015
-7.170
-7.088
-6.974
-7.046
-7.108
-7.026
-7.005
-7.015
-7.005
-7.202
-6.984
-6.974
-7.098
-7.202
-7.036
-7.077
-6.994
-7.129
-7.160
-7.046
-6.974
-7.129
-6.984
-7.067
-7.026
-7.046
-7.170
-7.160
-7.098
-7.046
-7.191
-7.170
-7.067
-7.036
-7.139
-7.202
-7.139
-7.046
-7.160
-7.253
-7.088
-7.088
-7.108
-7.284
-7.139
-7.088
-7.129
-7.253
-7.243
-7.057
-7.170
-7.409
-7.295
-7.202
-7.108
-7.170
-7.315
-7.222
-7.243
-7.191
-7.284
-7.243
-7.191
-7.305
-7.378
-7.295
-7.181
-7.222
-7.295
-7.253
-7.191
-7.191
-7.264
-7.336
-7.139
-7.108
-7.191
-7.284
-7.098
-7.347
-7.222
-7.243
-7.222
-7.170
-7.108
-7.264
-7.212
-7.139
-7.088
-7.202
-7.305
-7.088
-7.108
-7.160
-7.336
-7.098
-6.974
-7.057
-7.150
-7.202
-7.067
-7.026
-7.170
-7.191
-7.088
-7.067
-7.067
-6.984
-7.160
-7.088
-7.057
-7.212
-7.119
-7.015
-7.119
-7.150
-7.305
-7.077
-7.026
-7.150
-7.243
-7.046
-7.181
-7.129
-7.191
-7.108
-7.067
-7.098
-7.119
-7.191
-7.057
-7.046
-7.160
-7.150
-7.108
-7.088
-7.129
-7.243
-7.129
-7.036
-7.088
-7.098
-7.088
-7.088
-7.005
-7.181
-7.253
-7.129
-7.139
-7.150
-7.264
-7.170
-7.088
-7.098
-7.274
-7.212
-7.129
-7.098
-7.264
-7.253
-7.191
-7.170
-7.222
-7.222
-7.160
-7.119
-7.191
-7.264
-7.108
-7.077
-7.181
-7.202
-7.326
-7.026
-7.129
-7.160
-7.233
-7.098
-7.026
-7.129
-7.160
-7.150
-7.057
-7.212
-7.181
-7.129
-7.108
-7.139
-7.150
-7.191
-7.108
-7.233
-7.202
-7.336
-7.088
-7.057
-7.181
-7.222
-7.026
-7.077
-7.098
-7.222
-7.212
-7.046
-7.129
-7.181
-7.243
-7.129
-7.036
-7.088
-7.191
-7.088
-7.098
-6.922
-7.119
-7.067
-7.005
-7.015
-7.015
-7.129
-6.984
-6.963
-6.922
-7.108
-7.005
-6.881
-6.943
-7.005
-6.984
-6.860
-6.860
-6.849
-6.756
-6.943
-6.943
-6.849
-6.912
-6.912
-6.922
-6.798
-6.777
-6.943
-6.922
-6.746
-6.704
-6.818
-6.932
-6.818
-6.787
-6.746
-6.818
-6.870
-6.736
-6.787
-6.808
-6.839
-6.818
-6.497
-6.653
-6.746
-6.829
-6.787
-6.694
-6.632
-6.787
-6.870
-6.736
-6.611
-6.736
-6.767
-6.767
-6.663
-6.632
-6.684
-6.746
-6.684
-6.632
-6.601
-6.642
-6.746
-6.725
-6.580
-6.580
-6.394
-6.684
-6.663
-6.611
-6.508
-6.622
-6.673
-6.580
-6.497
-6.508
-6.580
-6.684
-6.601
-6.497
-6.497
-6.559
-6.632
-6.611
-6.487
-6.622
-6.539
-6.601
-6.539
-6.446
-6.373
-6.539
-6.580
-6.518
-6.238
-6.508
-6.425
-6.508
-6.518
-6.404
-6.301
-6.487
-6.508
-6.539
-6.435
-6.332
-6.456
-6.508
-6.497
-6.404
-6.394
-6.404
-6.466
-6.269
-6.342
-6.145
-6.373
-6.466
-6.487
-6.414
-6.394
-6.332
-6.456
-6.518
-6.404
-6.301
-6.311
-6.404
-6.487
-6.363
-6.301
-6.311
-6.404
-6.466
-6.414
-6.352
-6.269
-6.373
-6.414
-6.373
-6.352
-6.238
-6.280
-6.404
-6.580
-6.280
-6.249
-6.311
-6.332
-6.394
-6.280
-6.311
-6.311
-6.311
-6.363
-6.394
-6.249
-6.166
-6.280
-6.363
-6.269
-6.269
-6.197
-6.228
-6.280
-6.332
-6.249
-6.197
-6.156
-6.176
-6.342
-6.280
-6.011
-6.166
-5.948
-6.218
-6.166
-6.176
-6.176
-6.176
-6.156
-6.259
-6.228
-6.114
-6.042
-6.156
-6.187
-6.259
-6.135
-6.280
-6.000
-6.156
-6.280
-6.187
-6.052
-6.031
-6.114
-6.124
-6.187
-6.187
-6.052
-6.052
-6.104
-6.114
-6.249
-6.062
-6.042
-6.073
-6.083
-6.156
-6.156
-6.083
-6.031
-6.031
-6.156
-6.135
-6.114
-6.073
-5.959
-6.031
-6.104
-6.124
-6.093
-6.093
-6.073
-6.042
-6.145
-6.156
-6.021
-6.021
-5.959
-6.052
-6.145
-6.228
-5.980
-5.959
-6.042
-6.062
-6.093
-6.197
-5.969
-6.000
-6.021
-6.062
-6.135
-5.959
-5.907
-6.042
-6.062
-6.042
-6.011
-6.042
-5.897
-6.011
-6.083
-6.021
-6.156
-6.052
-5.907
-5.969
-5.990
-6.052
-5.980
-5.948
-5.886
-5.938
-6.000
-6.073
-5.938
-5.948
-5.803
-5.897
-6.011
-6.052
-6.000
-5.876
-5.917
-5.969
-5.897
-6.093
-6.000
-5.959
-5.907
-5.969
-6.031
-6.073
-5.917
-5.886
-5.907
-6.042
-6.062
-6.011
-5.959
-5.969
-5.980
-6.042
-5.959
-6.042
-5.990
-5.928
-6.000
-6.062
-6.052
-6.000
-5.969
-6.011
-6.000
-6.073
-6.062
-5.990
-5.969
-5.948
-5.835
-6.176
-6.073
-6.124
-5.928
-5.938
-6.031
-6.145
-6.093
-5.980
-5.814
-6.000
-6.062
-6.083
-6.011
-5.959
-5.897
-6.073
-6.073
-6.073
-5.959
-6.000
-5.948
-6.062
-6.093
-6.093
-5.990
-5.969
-5.990
-6.062
-6.104
-5.969
-5.990
-5.959
-5.959
-6.042
-6.135
-6.021
-6.011
-5.980
-6.093
-6.156
-6.104
-6.042
-6.062
-6.021
-6.052
-6.114
-6.093
-6.000
-5.980
-6.042
-6.052
-6.135
-6.031
-6.011
-5.990
-6.042
-6.156
-6.052
-6.011
-6.011
-5.990
-6.052
-6.104
-6.011
-6.083
-5.948
-5.948
-6.000
-6.124
-6.073
-6.031
-6.021
-5.980
-6.052
-6.073
-6.031
-5.990
-5.959
-5.990
-6.176
-6.031
-6.124
-5.741
-6.000
-6.052
-6.114
-6.021
-5.948
-5.907
-5.938
-6.083
-6.156
-6.062
-5.990
-6.011
-5.969
-6.280
-5.928
-6.083
-6.114
-6.062
-6.052
-6.104
-6.114
-6.062
-6.042
-6.000
-6.042
-6.124
-6.114
-5.990
-6.031
-6.093
-5.948
-6.166
-6.083
-5.938
-6.031
-6.052
-6.052
-6.135
-5.762
-5.928
-5.938
-5.969
-6.104
-6.156
-6.166
-5.855
-5.959
-5.969
-6.073
-5.969
-5.959
-5.731
-5.928
-6.042
-6.073
-6.000
-5.938
-5.948
-6.062
-6.218
-6.073
-6.011
-5.928
-5.907
-5.855
-6.052
-6.062
-5.980
-5.928
-5.959
-5.980
-6.011
-6.083
-5.928
-5.866
-5.917
-5.969
-5.866
-5.938
-6.000
-5.897
-6.000
-6.011
-6.104
-6.031
-5.959
-5.897
-6.093
-6.073
-6.114
-6.042
-6.011
-5.948
-5.938
-6.042
-6.124
-5.990
-5.990
-5.917
-5.959
-6.176
-6.021
-5.948
-5.596
-5.980
-6.021
-6.093
-6.031
-5.980
-5.917
-5.928
-6.011
-5.969
-6.011
-5.938
-5.907
-5.886
-5.928
-6.031
-5.990
-5.928
-5.948
-5.855
-6.011
-6.093
-5.917
-5.948
-5.855
-5.855
-5.969
-6.104
-6.000
-5.876
-5.897
-5.938
-6.011
-5.990
-5.948
-5.948
-5.928
-6.021
-6.062
-6.031
-5.959
-5.886
-5.938
-5.928
-6.104
-6.062
-6.062
-5.876
-5.855
-5.948
-6.042
-6.093
-5.824
-5.886
-5.948
-5.990
-6.052
-6.021
-5.938
-5.824
-5.876
-6.000
-6.011
-5.928
-5.938
-5.917
-6.000
-6.011
-6.062
-6.021
-6.011
-5.928
-5.948
-5.855
-6.104
-5.917
-5.990
-5.907
-5.969
-6.052
-5.824
-6.031
-5.959
-5.938
-5.990
-6.073
-6.083
-5.980
-5.959
-5.948
-5.938
-6.280
-6.187
-6.000
-5.886
-5.917
-6.052
-6.052
-6.052
-5.959
-5.938
-5.969
-5.938
-6.073
-5.886
-5.897
-5.866
-5.990
-6.042
-6.021
-5.938
-5.948
-5.907
-6.011
-6.114
-6.062
-5.980
-5.938
-5.917
-6.052
-6.145
-6.104
-6.104
-5.959
-6.052
-6.104
-6.249
-6.083
-6.042
-6.021
-6.249
-6.197
-6.176
-6.062
-6.052
-6.135
-6.187
-6.228
-6.207
-6.187
-6.073
-6.156
-6.301
-6.238
-6.156
-6.156
-6.207
-6.280
-6.280
-6.197
-6.218
-6.176
-6.187
-6.280
-6.311
-6.145
-6.145
-6.249
-6.301
-6.301
-6.218
-6.042
-6.238
-6.228
-6.301
-6.269
-6.124
-6.135
-6.238
-6.363
-6.249
-6.187
-6.156
-6.197
-6.259
-6.280
-6.104
-6.176
-6.135
-6.228
-6.383
-6.176
-6.104
-6.176
-6.218
-6.290
-6.383
-6.187
-6.187
-6.176
-6.259
-6.332
-6.228
-6.135
-6.197
-6.176
-6.321
-6.228
-6.238
-6.093
-6.124
-6.290
-6.290
-6.073
-5.948
-6.114
-6.114
-6.259
-6.207
-6.145
-6.145
-6.197
-6.197
-6.280
-6.145
-6.124
-6.249
-5.969
-6.269
-6.238
-6.176
-6.145
-6.218
-6.280
-6.332
-6.187
-6.156
-6.135
-6.249
-6.259
-6.259
-6.166
-6.197
-6.197
-6.280
-6.342
-6.207
-6.228
-6.238
-6.301
-6.332
-6.228
-6.156
-6.197
-6.269
-6.394
-6.290
-6.238
-6.218
-6.290
-6.352
-6.332
-6.290
-6.301
-6.301
-6.332
-6.311
-6.259
-6.280
-6.218
-6.373
-6.425
-6.342
-6.280
-6.269
-6.301
-6.414
-6.363
-6.321
-6.311
-6.311
-6.363
-6.446
-6.394
-6.280
-6.394
-6.446
-6.518
-6.425
-6.373
-6.466
-6.487
-6.518
-6.477
-6.394
-6.477
-6.487
-6.601
-6.497
-6.456
-6.487
-6.528
-6.632
-6.518
-6.518
-6.528
-6.611
-6.601
-6.528
-6.559
-6.518
-6.591
-6.818
-6.570
-6.559
-6.311
-6.673
-6.684
-6.570
-6.559
-6.704
-6.694
-6.622
-6.570
-6.559
-6.684
-6.746
-6.642
-6.622
-6.622
-6.684
-6.767
-6.632
-6.580
-6.601
-6.663
-6.725
-6.591
-6.663
-6.601
-6.725
-6.787
-6.611
-6.570
-6.684
-6.736
-6.756
-6.591
-6.663
-6.663
-6.746
-6.704
-6.580
-6.580
-6.684
-6.746
-6.684
-6.673
-6.632
-6.725
-6.756
-6.684
-6.632
-6.684
-6.777
-6.756
-6.704
-6.632
-6.704
-6.881
-6.694
-6.653
-6.756
-6.777
-6.891
-6.767
-6.860
-6.777
-6.901
-6.891
-6.777
-6.808
-6.881
-6.974
-6.932
-6.829
-6.881
-7.005
-6.943
-6.891
-6.912
-6.943
-7.057
-6.953
-6.932
-6.932
-7.057
-6.974
-7.005
-6.984
-7.036
-7.088
-6.994
-6.870
-6.839
-7.088
-6.974
-6.932
-6.953
-7.015
-7.067
-6.912
-6.963
-7.036
-7.191
-6.891
-6.963
-7.046
-6.994
-7.046
-6.891
-6.901
-6.912
-7.026
-6.922
-6.891
-6.881
-6.974
-7.077
-6.849
-6.912
-6.932
-7.036
-7.005
-6.860
-6.870
-7.005
-7.005
-6.891
-6.901
-6.984
-7.015
-6.932
-6.849
-6.994
-7.098
-7.046
-6.953
-7.005
-6.953
-7.067
-6.953
-6.943
-6.984
-7.046
-7.057
-6.953
-6.870
-7.005
-6.994
-6.891
-6.870
-6.984
-6.963
-6.736
-6.901
-6.839
-6.922
-6.994
-6.849
-6.849
-6.839
-6.943
-6.932
-6.746
-6.756
-6.818
-6.860
-6.777
-6.715
-6.849
-6.901
-6.839
-6.694
-6.632
-6.694
-6.704
-6.798
-6.736
-6.591
-6.611
-6.684
-6.694
-6.580
-6.559
-6.591
-6.653
-6.580
-6.549
-6.580
-6.684
-6.642
-6.663
-6.580
-6.539
-6.487
-6.632
-6.591
-6.487
-6.435
-6.528
-6.611
-6.549
-6.456
-6.466
-6.487
-6.601
-6.580
-6.404
-6.425
-6.466
-6.539
-6.539
-6.487
-6.321
-6.394
-6.497
-6.477
-6.332
-6.332
-6.394
-6.497
-6.477
-6.311
-6.311
-6.363
-6.383
-6.394
-6.373
-6.311
-6.280
-6.342
-6.394
-6.363
-6.280
-6.249
-6.301
-6.373
-6.363
-6.280
-6.238
-6.218
-6.301
-6.383
-6.238
-6.249
-6.176
-6.228
-6.290
-6.104
-6.238
-6.218
-6.197
-6.249
-6.280
-6.228
-6.021
-6.218
-6.280
-6.311
-6.249
-6.176
-6.166
-6.187
-6.311
-6.280
-6.187
-6.176
-6.145
-6.228
-6.321
-6.228
-6.187
-6.259
-6.228
-6.280
-6.290
-6.187
-6.135
-6.176
-6.218
-6.311
-6.228
-6.145
-6.166
-6.228
-6.280
-6.238
-6.124
-6.114
-6.124
-6.187
-6.249
-6.156
-6.124
-6.135
-6.145
-6.176
-6.259
-6.000
-6.073
-6.207
-6.176
-6.238
-6.187
-6.093
-6.052
-6.145
-6.207
-6.259
-6.114
-6.083
-6.083
-6.228
-6.280
-6.197
-6.093
-6.114
-6.052
-6.187
-6.249
-6.166
-6.062
-6.073
-6.187
-6.207
-6.114
-6.073
-6.104
-6.124
-6.218
-6.187
-6.156
-6.176
-6.031
-6.135
-6.187
-6.156
-6.083
-6.031
-6.104
-6.124
-6.207
-6.093
-6.073
-6.073
-6.042
-6.135
-6.156
-6.083
-6.021
-6.042
-6.114
-6.187
-6.124
-6.062
-6.031
-6.073
-6.093
-5.917
-6.062
-6.114
-5.969
-6.000
-6.166
-6.135
-6.042
-6.021
-5.783
-6.052
-6.187
-6.052
-6.031
-5.969
-6.042
-6.259
-6.135
-6.021
-6.000
-6.000
-6.031
-6.104
-6.124
-6.031
-5.959
-6.011
-6.083
-6.145
-6.187
-6.000
-5.969
-5.980
-6.073
-6.124
-6.011
-5.980
-5.969
-5.980
-6.093
-6.093
-5.990
-5.938
-5.969
-5.907
-6.062
-6.073
-6.011
-5.969
-5.969
-6.011
-6.052
-6.062
-5.980
-5.938
-5.969
-6.000
-6.145
-6.042
-6.031
-5.980
-5.980
-6.062
-6.145
-6.042
-6.011
-5.969
-6.021
-6.104
-6.114
-6.042
-6.073
-6.021
-6.156
-6.031
-6.062
-6.011
-6.042
-6.042
-6.207
-6.135
-6.073
-6.021
-6.031
-6.052
-5.866
-6.228
-6.073
-6.011
-6.021
-6.062
-6.104
-6.156
-6.052
-5.969
-6.021
-6.093
-6.156
-6.062
-6.062
-6.093
-6.052
-6.093
-6.062
-6.011
-5.917
-5.969
-5.969
-6.042
-6.145
-5.980
-5.969
-5.948
-6.011
-6.073
-6.104
-5.959
-5.907
-5.938
-5.803
-6.187
-6.052
-5.928
-5.980
-5.969
-6.021
-6.083
-6.021
-5.959
-5.938
-5.762
-6.031
-6.062
-6.052
-5.959
-6.011
-6.021
-6.083
-6.124
-6.011
-6.093
-5.803
-6.052
-6.145
-6.083
-6.021
-6.062
-6.000
-6.093
-6.176
-6.062
-6.000
-6.000
-6.104
-6.114
-6.031
-6.052
-6.031
-6.042
-6.062
-6.187
-6.093
-6.000
-6.052
-6.083
-6.145
-6.187
-6.062
-6.093
-6.042
-6.093
-6.176
-6.166
-6.114
-6.031
-6.021
-6.093
-6.145
-6.145
-6.197
-6.062
-6.052
-6.093
-6.187
-6.083
-6.042
-6.052
-6.093
-6.166
-6.135
-5.969
-5.990
-6.093
-6.145
-6.187
-6.093
-6.093
-6.000
-6.052
-6.176
-6.176
-5.855
-6.062
-6.073
-6.135
-6.280
-6.104
-6.031
-6.083
-6.093
-6.166
-6.228
-6.124
-6.093
-6.104
-6.176
-6.228
-6.197
-6.135
-6.093
-6.093
-6.290
-6.249
-6.093
-6.083
-6.083
-6.166
-6.187
-6.187
-6.083
-6.083
-6.104
-6.176
-6.228
-6.104
-5.948
-6.156
-6.145
-6.145
-6.135
-6.135
-6.011
-6.031
-6.124
-6.166
-6.114
-6.052
-6.021
-6.166
-6.156
-6.259
-6.073
-6.031
-6.011
-6.052
-6.166
-6.176
-6.000
-6.000
-6.000
-6.083
-6.166
-6.093
-6.011
-6.000
-6.011
-6.114
-6.145
-6.073
-5.990
-6.011
-5.969
-6.011
-6.104
-6.021
-5.990
-5.969
-6.042
-6.124
-6.093
-5.980
-5.959
-5.969
-6.042
-6.104
-6.062
-6.011
-5.948
-6.000
-6.104
-6.124
-6.166
-5.907
-5.969
-6.052
-6.145
-6.145
-5.990
-5.948
-5.969
-6.052
-6.187
-6.093
-6.000
-5.980
-6.021
-6.114
-6.093
-6.083
-6.000
-6.135
-6.114
-6.145
-6.124
-6.021
-6.000
-5.990
-6.093
-6.166
-6.083
-6.031
-6.011
-6.052
-5.855
-6.135
-6.207
-6.021
-5.990
-5.876
-6.114
-6.145
-6.042
-6.000
-5.990
-6.052
-6.135
-6.114
-5.980
-6.011
-5.938
-6.197
-5.948
-6.031
-5.948
-5.980
-6.021
-6.083
-6.135
-6.031
-5.969
-5.969
-6.104
-6.073
-6.093
-6.000
-5.980
-6.011
-6.021
-6.104
-6.093
-5.886
-5.948
-5.980
-6.011
-6.114
-6.083
-6.093
-5.969
-5.969
-6.042
-5.907
-5.980
-5.980
-6.073
-5.752
-6.021
-6.124
-5.990
-5.980
-5.948
-5.990
-6.062
-6.042
-5.980
-5.917
-5.938
-5.793
-6.052
-6.052
-6.000
-5.886
-5.876
-5.969
-6.073
-5.980
-5.928
-5.886
-5.928
-5.980
-6.021
-5.793
-5.886
-5.876
-5.959
-5.948
-6.021
-5.886
-5.886
-5.907
-5.907
-5.772
-5.897
-5.938
-5.866
-5.886
-5.855
-6.011
-5.980
-5.948
-5.876
-5.835
-5.907
-5.938
-6.000
-5.907
-5.855
-5.845
-5.876
-5.948
-5.990
-5.876
-5.866
-5.855
-5.876
-5.948
-5.959
-5.928
-5.855
-5.814
-5.886
-5.948
-5.969
-5.731
-5.824
-5.793
-5.835
-5.948
-5.959
-5.886
-5.845
-5.783
-5.835
-5.917
-5.938
-5.948
-5.824
-5.814
-5.835
-5.897
-6.042
-5.855
-5.855
-5.845
-5.866
-5.928
-5.959
-5.845
-5.803
-5.824
-5.855
-5.938
-5.980
-5.917
-5.845
-5.835
-5.855
-5.980
-6.052
-5.948
-5.876
-5.907
-5.917
-6.011
-6.052
-5.928
-5.907
-5.928
-5.990
-6.031
-6.000
-5.959
-5.876
-5.948
-6.104
-6.073
-6.052
-5.928
-5.824
-5.938
-5.980
-6.062
-5.990
-5.948
-5.907
-5.907
-6.021
-6.031
-6.000
-5.917
-5.886
-5.948
-5.980
-6.052
-5.948
-5.907
-5.917
-5.938
-6.031
-6.052
-5.969
-5.959
-5.907
-6.021
-6.052
-6.073
-6.073
-5.938
-6.000
-6.062
-6.145
-6.062
-6.011
-6.011
-6.021
-6.156
-6.218
-6.093
-6.011
-6.021
-6.073
-6.166
-6.145
-6.073
-6.031
-6.156
-6.197
-6.218
-6.135
-6.083
-6.093
-6.114
-6.218
-6.187
-6.093
-6.093
-6.104
-6.156
-6.176
-6.145
-6.083
-6.135
-6.135
-6.218
-6.228
-6.145
-6.073
-6.135
-6.218
-6.269
-6.218
-6.124
-6.135
-6.166
-6.228
-6.259
-6.176
-6.031
-6.145
-6.228
-6.290
-6.207
-6.166
-6.145
-5.948
-6.249
-6.301
-6.176
-6.124
-6.176
-6.156
-6.280
-6.207
-6.135
-6.145
-6.176
-6.197
-6.311
-6.166
-6.093
-6.218
-6.207
-6.249
-6.187
-5.990
-6.114
-6.166
-6.249
-6.207
-6.114
-6.114
-6.207
-6.197
-6.238
-6.176
-6.114
-6.104
-6.135
-6.207
-6.166
-6.156
-6.083
-6.145
-6.166
-6.249
-6.176
-6.104
-6.073
-6.259
-6.280
-6.249
-6.145
-6.104
-6.093
-6.166
-6.228
-6.176
-6.104
-6.083
-6.145
-6.207
-6.218
-6.093
-6.083
-6.124
-6.166
-6.269
-6.207
-6.145
-6.238
-6.124
-6.269
-6.238
-6.145
-6.042
-6.083
-6.176
-6.269
-6.207
-6.093
-6.093
-6.104
-6.166
-6.321
-6.135
-6.052
-6.073
-6.124
-6.187
-6.145
-6.124
-6.062
-5.855
-6.145
-6.176
-6.093
-6.114
-6.062
-6.083
-6.135
-6.176
-6.104
-6.042
-6.000
-6.062
-6.166
-6.166
-6.062
-6.021
-5.990
-6.073
-6.166
-6.124
-5.938
-6.000
-6.021
-6.114
-6.135
-6.052
-5.990
-6.021
-6.031
-6.104
-6.083
-6.062
-5.959
-6.021
-6.062
-6.207
-6.083
-6.000
-6.000
-5.980
-6.083
-6.145
-6.104
-5.990
-6.011
-6.083
-6.124
-6.104
-5.855
-6.011
-6.031
-6.093
-6.187
-6.104
-6.031
-6.042
-6.052
-6.166
-6.197
-6.083
-6.062
-6.031
-6.145
-6.228
-6.249
-6.093
-6.073
-6.104
-6.197
-6.218
-6.135
-6.104
-6.114
-6.145
-6.176
-6.207
-6.124
-6.083
-6.104
-6.156
-6.238
-6.135
-6.073
-6.052
-6.042
-6.145
-6.238
-6.083
-6.062
-6.042
-6.073
-6.269
-6.156
-6.073
-6.052
-6.145
-6.093
-6.145
-5.824
-6.000
-5.990
-6.011
-6.135
-6.135
-6.052
-5.969
-5.969
-6.124
-6.114
-6.124
-6.011
-5.959
-6.011
-6.042
-6.124
-6.083
-5.980
-5.959
-6.011
-6.052
-6.083
-6.052
-6.083
-5.948
-5.866
-6.073
-6.104
-6.011
-5.948
-6.062
-6.000
-6.062
-6.083
-5.969
-5.938
-5.938
-5.990
-6.062
-6.052
-5.959
-5.948
-5.948
-6.000
-6.062
-6.042
-5.948
-5.948
-5.938
-5.990
-6.031
-6.052
-5.917
-5.917
-5.969
-6.011
-6.062
-5.980
-5.917
-5.917
-5.959
-5.824
-5.969
-5.959
-5.917
-5.907
-5.969
-6.052
-6.052
-5.969
-5.917
-5.917
-5.990
-6.083
-6.031
-5.948
-5.948
-5.938
-6.052
-6.093
-6.021
-5.948
-5.928
-5.990
-6.021
-6.093
-6.000
-5.959
-5.938
-5.928
-6.042
-6.073
-5.959
-5.969
-5.959
-6.000
-6.042
-6.052
-5.980
-5.948
-5.959
-6.011
-6.073
-6.156
-5.731
-5.928
-5.917
-5.980
-6.093
-5.990
-5.948
-5.938
-5.948
-6.021
-6.062
-6.031
-5.948
-5.938
-5.959
-6.042
-6.073
-5.938
-5.907
-5.959
-6.031
-5.814
-6.062
-5.938
-5.814
-5.710
-5.969
-6.073
-6.031
-5.948
-6.021
-5.897
-5.990
-6.031
-6.073
-5.907
-5.886
-5.928
-5.990
-6.052
-5.814
-5.710
-5.928
-5.959
-6.011
-6.083
-5.990
-5.907
-5.948
-5.969
-6.011
-6.104
-6.011
-5.928
-5.938
-6.083
-6.104
-6.104
-6.000
-5.980
-6.011
-6.031
-6.093
-6.052
-5.969
-5.990
-6.042
-6.031
-6.104
-6.062
-5.980
-6.000
-6.011
-6.104
-6.124
-6.031
-5.980
-5.959
-6.062
-6.083
-6.062
-6.021
-5.948
-5.959
-6.052
-6.114
-6.042
-5.990
-5.959
-5.969
-6.042
-6.104
-5.990
-5.969
-5.959
-6.011
-6.083
-6.114
-6.042
-5.959
-5.990
-6.031
-6.124
-6.093
-6.011
-5.990
-6.011
-6.104
-6.176
-6.104
-6.031
-6.073
-6.093
-6.166
-6.218
-5.897
-6.114
-6.166
-6.228
-6.290
-5.990
-6.176
-6.207
-6.228
-6.363
-6.290
-6.218
-6.176
-6.290
-6.363
-6.394
-6.280
-6.280
-6.290
-6.383
-6.425
-6.352
-6.301
-6.301
-6.280
-6.425
-6.363
-6.290
-6.332
-6.414
-6.456
-6.404
-6.332
-6.342
-6.404
-6.497
-6.487
-6.404
-6.342
-6.383
-6.539
-6.570
-6.394
-6.414
-6.580
-6.518
-6.518
-6.435
-6.425
-6.477
-6.549
-6.601
-6.477
-6.425
-6.487
-6.591
-6.580
-6.518
-6.497
-6.528
-6.622
-6.601
-6.508
-6.528
-6.570
-6.642
-6.632
-6.559
-6.559
-6.601
-6.829
-6.642
-6.570
-6.601
-6.622
-6.725
-6.611
-6.580
-6.591
-6.653
-6.746
-6.653
-6.539
-6.611
-6.725
-6.736
-6.622
-6.622
-6.642
-6.777
-6.746
-6.642
-6.632
-6.704
-6.808
-6.715
-6.653
-6.694
-6.767
-6.839
-6.704
-6.684
-6.746
-6.808
-6.653
-6.559
-6.704
-6.756
-6.839
-6.798
-6.715
-6.704
-6.808
-6.891
-6.787
-6.736
-6.767
-6.891
-6.870
-6.756
-6.725
-6.808
-6.881
-6.829
-6.767
-6.767
-6.829
-6.901
-6.808
-6.756
-6.798
-6.974
-6.891
-6.777
-6.787
-6.839
-6.932
-6.849
-6.767
-6.912
-6.901
-6.891
-6.818
-6.777
-6.849
-6.953
-6.881
-6.808
-6.808
-6.901
-6.943
-6.870
-6.818
-6.860
-6.932
-6.870
-6.808
-6.818
-6.881
-6.953
-6.870
-6.808
-6.839
-6.756
-7.036
-6.808
-6.829
-6.870
-6.953
-6.870
-6.818
-6.839
-6.953
-6.953
-6.839
-6.839
-6.881
-6.953
-6.891
-6.818
-6.881
-6.943
-6.984
-6.870
-6.901
-6.787
-6.984
-6.943
-6.901
-6.932
-7.005
-7.046
-6.891
-6.912
-7.005
-7.098
-6.984
-6.953
-7.036
-7.098
-7.119
-6.984
-6.994
-7.119
-7.119
-7.036
-7.057
-7.108
-7.202
-7.119
-7.067
-7.150
-7.222
-7.160
-7.098
-7.088
-7.222
-7.222
-7.119
-7.139
-7.191
-7.274
-7.150
-7.119
-7.160
-7.264
-7.160
-7.098
-7.160
-7.243
-7.202
-7.108
-7.129
-7.181
-7.284
-7.098
-7.129
-7.139
-7.233
-7.108
-7.067
-7.119
-7.191
-7.129
-7.057
-7.088
-7.150
-7.139
-7.036
-7.077
-7.098
-7.170
-7.067
-7.026
-7.067
-7.160
-7.077
-7.015
-7.046
-7.139
-7.160
-7.046
-7.005
-7.119
-7.191
-7.088
-7.046
-7.088
-7.222
-7.119
-7.057
-7.088
-7.191
-7.181
-7.088
-7.119
-7.181
-7.243
-7.222
-7.098
-7.150
-7.336
-7.129
-7.119
-7.139
-7.233
-7.160
-7.077
-7.088
-7.212
-7.212
-7.098
-7.088
-7.150
-7.181
-7.098
-6.963
-7.191
-7.191
-7.129
-7.057
-7.057
-7.150
-7.150
-6.818
-7.015
-7.057
-7.170
-7.057
-6.994
-7.046
-7.160
-7.098
-7.015
-7.015
-7.088
-7.119
-6.912
-7.005
-7.077
-7.243
-7.057
-7.026
-7.067
-7.129
-7.119
-7.046
-7.026
-7.108
-7.129
-7.046
-7.015
-7.077
-7.181
-7.170
-6.943
-7.046
-7.129
-7.108
-7.015
-7.036
-7.119
-7.150
-7.036
-7.026
-7.046
-7.181
-7.057
-6.891
-7.036
-7.129
-7.077
-6.963
-7.077
-7.067
-7.119
-6.994
-6.943
-7.005
-7.046
-6.943
-6.881
-7.026
-6.953
-6.860
-6.912
-6.736
-6.881
-6.984
-6.953
-6.756
-6.787
-6.849
-6.974
-6.829
-6.818
-6.798
-6.974
-6.881
-6.767
-6.591
-6.777
-6.829
-6.808
-6.704
-6.673
-6.746
-6.818
-6.746
-6.684
-6.632
-6.725
-6.798
-6.715
-6.601
-6.611
-6.725
-6.756
-6.622
-6.591
-6.580
-6.653
-6.704
-6.580
-6.518
-6.570
-6.642
-6.653
-6.539
-6.477
-6.518
-6.611
-6.622
-6.508
-6.446
-6.487
-6.570
-6.342
-6.456
-6.435
-6.487
-6.653
-6.570
-6.446
-6.394
-6.477
-6.508
-6.528
-6.425
-6.394
-6.404
-6.466
-6.539
-6.414
-6.352
-6.404
-6.435
-6.383
-6.321
-6.342
-6.363
-6.404
-6.477
-6.156
-6.321
-6.383
-6.342
-6.425
-6.456
