-6.549
-6.591
-6.591
-6.622
-6.694
-6.611
-6.508
-6.559
-6.632
-6.684
-6.549
-6.539
-6.549
-6.632
-6.694
-6.539
-6.549
-6.466
-6.611
-6.653
-6.383
-6.487
-6.549
-6.611
-6.622
-6.508
-6.508
-6.539
-6.642
-6.570
-6.487
-6.487
-6.497
-6.591
-6.611
-6.528
-6.466
-6.497
-6.570
-6.673
-6.477
-6.414
-6.456
-6.508
-6.559
-6.446
-6.352
-6.394
-6.518
-6.518
-6.425
-6.404
-6.404
-6.487
-6.549
-6.446
-6.373
-6.404
-6.539
-6.487
-6.435
-6.373
-6.394
-6.518
-6.497
-6.632
-6.373
-6.321
-6.456
-6.528
-6.456
-6.373
-6.414
-6.456
-6.539
-6.497
-6.477
-6.414
-6.477
-6.642
-6.559
-6.456
-6.466
-6.311
-6.601
-6.549
-6.456
-6.466
-6.549
-6.632
-6.559
-6.487
-6.497
-6.549
-6.622
-6.591
-6.466
-6.446
-6.549
-6.591
-6.528
-6.414
-6.311
-6.466
-6.539
-6.456
-6.394
-6.373
-6.446
-6.477
-6.497
-6.352
-6.342
-6.363
-6.456
-6.425
-6.352
-6.332
-6.301
-6.425
-6.456
-6.342
-6.290
-6.352
-6.363
-6.435
-6.352
-6.290
-6.311
-6.352
-6.446
-6.373
-6.259
-6.269
-6.414
-6.425
-6.373
-6.352
-6.466
-6.383
-6.477
-6.477
-6.373
-6.342
-6.145
-6.477
-6.497
-6.373
-6.363
-6.352
-6.446
-6.477
-6.414
-6.342
-6.352
-6.456
-6.528
-6.425
-6.352
-6.394
-6.549
-6.528
-6.394
-6.332
-6.394
-6.446
-6.539
-6.466
-6.383
-6.394
-6.456
-6.497
-6.477
-6.383
-6.394
-6.394
-6.487
-6.414
-6.466
-6.383
-6.414
-6.466
-6.466
-6.373
-6.342
-6.404
-6.497
-6.497
-6.321
-6.373
-6.404
-6.508
-6.508
-6.466
-6.404
-6.446
-6.539
-6.570
-6.435
-6.373
-6.446
-6.549
-6.570
-6.487
-6.446
-6.466
-6.580
-6.591
-6.497
-6.425
-6.518
-6.591
-6.591
-6.539
-6.373
-6.518
-6.580
-6.632
-6.528
-6.497
-6.518
-6.611
-6.622
-6.508
-6.477
-6.559
-6.601
-6.622
-6.528
-6.435
-6.559
-6.611
-6.632
-6.570
-6.321
-6.404
-6.591
-6.653
-6.518
-6.528
-6.570
-6.663
-6.653
-6.559
-6.518
-6.622
-6.704
-6.611
-6.570
-6.549
-6.632
-6.684
-6.632
-6.559
-6.570
-6.622
-6.694
-6.601
-6.559
-6.632
-6.653
-6.684
-6.342
-6.539
-6.508
-6.642
-6.663
-6.632
-6.539
-6.591
-6.663
-6.673
-6.559
-6.559
-6.591
-6.653
-6.653
-6.559
-6.549
-6.591
-6.694
-6.673
-6.559
-6.559
-6.508
-6.673
-6.632
-6.539
-6.549
-6.601
-6.694
-6.601
-6.528
-6.508
-6.704
-6.694
-6.673
-6.559
-6.549
-6.591
-6.684
-6.591
-6.539
-6.497
-6.632
-6.694
-6.580
-6.487
-6.570
-6.642
-6.673
-6.611
-6.570
-6.549
-6.756
-6.694
-6.580
-6.570
-6.580
-6.694
-6.684
-6.601
-6.642
-6.642
-6.736
-6.808
-6.622
-6.601
-6.653
-6.736
-6.663
-6.591
-6.580
-6.632
-6.736
-6.622
-6.591
-6.694
-6.704
-6.746
-6.673
-6.622
-6.591
-6.704
-6.622
-6.611
-6.570
-6.611
-6.508
-6.663
-6.591
-6.601
-6.767
-6.725
-6.663
-6.580
-6.549
-6.611
-6.746
-6.632
-6.601
-6.704
-6.653
-6.777
-6.653
-6.591
-6.601
-6.539
-6.725
-6.601
-6.601
-6.611
-6.736
-6.725
-6.642
-6.611
-6.684
-6.746
-6.694
-6.736
-6.591
-6.663
-6.746
-6.580
-6.591
-6.591
-6.632
-6.715
-6.653
-6.591
-6.611
-6.663
-6.736
-6.559
-6.446
-6.663
-6.684
-6.746
-6.611
-6.580
-6.622
-6.694
-6.746
-6.611
-6.601
-6.632
-6.715
-6.684
-6.539
-6.591
-6.653
-6.767
-6.673
-6.601
-6.611
-6.673
-6.746
-6.663
-6.539
-6.601
-6.694
-6.704
-6.611
-6.528
-6.601
-6.642
-6.673
-6.487
-6.642
-6.570
-6.653
-6.622
-6.549
-6.518
-6.528
-6.508
-6.622
-6.559
-6.477
-6.549
-6.601
-6.622
-6.518
-6.425
-6.549
-6.622
-6.591
-6.539
-6.487
-6.549
-6.622
-6.622
-6.518
-6.446
-6.591
-6.632
-6.601
-6.518
-6.497
-6.570
-6.611
-6.559
-6.518
-6.466
-6.528
-6.632
-6.559
-6.518
-6.466
-6.528
-6.632
-6.591
-6.497
-6.487
-6.559
-6.684
-6.611
-6.528
-6.508
-6.508
-6.653
-6.591
-6.528
-6.518
-6.591
-6.725
-6.684
-6.518
-6.528
-6.487
-6.736
-6.611
-6.549
-6.601
-6.663
-6.684
-6.622
-6.539
-6.559
-6.642
-6.653
-6.549
-6.508
-6.539
-6.611
-6.694
-6.559
-6.456
-6.518
-6.704
-6.601
-6.497
-6.528
-6.487
-6.559
-6.580
-6.477
-6.404
-6.435
-6.508
-6.528
-6.456
-6.363
-6.383
-6.487
-6.539
-6.446
-6.425
-6.394
-6.487
-6.549
-6.466
-6.404
-6.435
-6.528
-6.642
-6.539
-6.435
-6.466
-6.528
-6.632
-6.518
-6.611
-6.497
-6.580
-6.663
-6.559
-6.580
-6.487
-6.622
-6.694
-6.559
-6.559
-6.611
-6.632
-6.673
-6.549
-6.570
-6.580
-6.642
-6.653
-6.549
-6.528
-6.601
-6.673
-6.632
-6.632
-6.580
-6.539
-6.528
-6.663
-6.559
-6.559
-6.456
-6.673
-6.642
-6.591
-6.570
-6.642
-6.808
-6.663
-6.570
-6.601
-6.642
-6.787
-6.642
-6.580
-6.736
-6.694
-6.870
-6.632
-6.622
-6.632
-6.725
-6.715
-6.653
-6.580
-6.725
-6.746
-6.694
-6.591
-6.736
-6.725
-6.860
-6.642
-6.601
-6.591
-6.704
-6.736
-6.663
-6.632
-6.622
-6.715
-6.736
-6.642
-6.580
-6.611
-6.704
-6.704
-6.591
-6.591
-6.611
-6.704
-6.684
-6.622
-6.580
-6.632
-6.704
-6.653
-6.580
-6.580
-6.414
-6.736
-6.653
-6.601
-6.725
-6.694
-6.704
-6.642
-6.570
-6.611
-6.746
-6.736
-6.622
-6.591
-6.653
-6.684
-6.715
-6.611
-6.580
-6.715
-6.725
-6.704
-6.611
-6.549
-6.591
-6.694
-6.663
-6.559
-6.559
-6.611
-6.715
-6.611
-6.539
-6.549
-6.694
-6.684
-6.591
-6.508
-6.497
-6.611
-6.673
-6.601
-6.539
-6.539
-6.611
-6.704
-6.559
-6.518
-6.663
-6.611
-6.673
-6.570
-6.508
-6.497
-6.632
-6.653
-6.549
-6.508
-6.549
-6.632
-6.653
-6.570
-6.363
-6.642
-6.632
-6.642
-6.539
-6.549
-6.580
-6.673
-6.611
-6.570
-6.528
-6.694
-6.694
-6.694
-6.591
-6.642
-6.601
-6.673
-6.622
-6.539
-6.477
-6.539
-6.684
-6.601
-6.549
-6.549
-6.601
-6.694
-6.591
-6.559
-6.580
-6.653
-6.725
-6.622
-6.591
-6.611
-6.663
-6.725
-6.383
-6.570
-6.591
-6.736
-6.684
-6.622
-6.591
-6.632
-6.704
-6.663
-6.580
-6.549
-6.673
-6.704
-6.632
-6.591
-6.559
-6.622
-6.736
-6.622
-6.591
-6.591
-6.642
-6.715
-6.622
-6.580
-6.601
-6.684
-6.736
-6.611
-6.332
-6.611
-6.663
-6.704
-6.601
-6.622
-6.622
-6.694
-6.704
-6.601
-6.591
-6.642
-6.746
-6.704
-6.580
-6.632
-6.673
-6.756
-6.684
-6.601
-6.653
-6.694
-6.725
-6.642
-6.601
-6.622
-6.715
-6.736
-6.642
-6.601
-6.663
-6.746
-6.725
-6.684
-6.591
-6.694
-6.736
-6.715
-6.611
-6.622
-6.673
-6.756
-6.684
-6.632
-6.622
-6.601
-6.756
-6.446
-6.601
-6.725
-6.725
-6.736
-6.632
-6.611
-6.632
-6.736
-6.715
-6.632
-6.570
-6.611
-6.715
-6.684
-6.591
-6.539
-6.611
-6.725
-6.642
-6.591
-6.601
-6.622
-6.829
-6.549
-6.528
-6.549
-6.653
-6.694
-6.611
-6.549
-6.611
-6.632
-6.715
-6.611
-6.559
-6.580
-6.715
-6.684
-6.611
-6.580
-6.601
-6.736
-6.673
-6.549
-6.559
-6.591
-6.663
-6.673
-6.549
-6.549
-6.601
-6.715
-6.642
-6.591
-6.549
-6.601
-6.704
-6.642
-6.559
-6.591
-6.632
-6.704
-6.632
-6.559
-6.601
-6.684
-6.694
-6.611
-6.539
-6.591
-6.653
-6.725
-6.580
-6.549
-6.611
-6.653
-6.684
-6.456
-6.549
-6.591
-6.663
-6.673
-6.570
-6.549
-6.570
-6.684
-6.673
-6.570
-6.570
-6.622
-6.694
-6.622
-6.570
-6.549
-6.694
-6.694
-6.601
-6.559
-6.559
-6.611
-6.539
-6.632
-6.559
-6.559
-6.611
-6.663
-6.549
-6.559
-6.549
-6.591
-6.663
-6.559
-6.528
-6.559
-6.611
-6.425
-6.559
-6.642
-6.518
-6.591
-6.642
-6.477
-6.497
-6.518
-6.580
-6.611
-6.518
-6.477
-6.549
-6.559
-6.601
-6.466
-6.435
-6.446
-6.549
-6.580
-6.446
-6.446
-6.477
-6.549
-6.383
-6.466
-6.425
-6.446
-6.497
-6.591
-6.477
-6.414
-6.446
-6.528
-6.580
-6.446
-6.404
-6.487
-6.487
-6.591
-6.394
-6.425
-6.414
-6.497
-6.539
-6.508
-6.404
-6.425
-6.487
-6.528
-6.487
-6.383
-6.414
-6.446
-6.539
-6.508
-6.373
-6.363
-6.508
-6.528
-6.477
-6.383
-6.373
-6.394
-6.497
-6.477
-6.394
-6.363
-6.435
-6.477
-6.466
-6.394
-6.363
-6.446
-6.249
-6.508
-6.394
-6.352
-6.363
-6.456
-6.508
-6.414
-6.342
-6.373
-6.518
-6.497
-6.394
-6.414
-6.383
-6.425
-6.425
-6.435
-6.373
-6.363
-6.425
-6.570
-6.435
-6.373
-6.373
-6.414
-6.508
-6.446
-6.425
-6.394
-6.197
-6.497
-6.487
-6.352
-6.363
-6.394
-6.601
-6.580
-6.383
-6.446
-6.404
-6.477
-6.518
-6.497
-6.342
-6.363
-6.446
-6.497
-6.404
-6.332
-6.332
-6.497
-6.508
-6.414
-6.352
-6.342
-6.425
-6.508
-6.425
-6.342
-6.373
-6.404
-6.539
-6.456
-6.383
-6.373
-6.528
-6.539
-6.487
-6.394
-6.394
-6.456
-6.518
-6.280
-6.414
-6.363
-6.477
-6.549
-6.549
-6.435
-6.477
-6.466
-6.549
-6.559
-6.477
-6.425
-6.477
-6.559
-6.601
-6.456
-6.446
-6.497
-6.591
-6.580
-6.487
-6.456
-6.508
-6.352
-6.570
-6.508
-6.456
-6.528
-6.601
-6.591
-6.528
-6.477
-6.549
-6.622
-6.601
-6.518
-6.477
-6.539
-6.611
-6.684
-6.487
-6.477
-6.549
-6.601
-6.559
-6.487
-6.446
-6.518
-6.611
-6.549
-6.466
-6.425
-6.497
-6.580
-6.559
-6.466
-6.477
-6.570
-6.611
-6.549
-6.539
-6.456
-6.570
-6.456
-6.591
-6.497
-6.477
-6.580
-6.653
-6.477
-6.559
-6.549
-6.611
-6.715
-6.591
-6.559
-6.580
-6.653
-6.694
-6.601
-6.570
-6.591
-6.736
-6.715
-6.622
-6.611
-6.642
-6.704
-6.694
-6.611
-6.580
-6.642
-6.725
-6.663
-6.580
-6.632
-6.642
-6.694
-6.632
-6.559
-6.528
-6.601
-6.673
-6.559
-6.508
-6.528
-6.570
-6.653
-6.570
-6.508
-6.549
-6.622
-6.642
-6.580
-6.301
-6.622
-6.580
-6.653
-6.570
-6.642
-6.518
-6.601
-6.684
-6.570
-6.528
-6.508
-6.642
-6.694
-6.435
-6.456
-6.570
-6.653
-6.694
-6.580
-6.559
-6.580
-6.694
-6.684
-6.591
-6.559
-6.539
-6.694
-6.653
-6.570
-6.570
-6.611
-6.673
-6.663
-6.497
-6.570
-6.601
-6.704
-6.622
-6.539
-6.321
-6.632
-6.684
-6.611
-6.539
-6.549
-6.622
-6.684
-6.580
-6.580
-6.549
-6.622
-6.663
-6.570
-6.528
-6.549
-6.580
-6.673
-6.570
-6.528
-6.570
-6.632
-6.653
-6.559
-6.632
-6.570
-6.673
-6.653
-6.559
-6.549
-6.591
-6.704
-6.622
-6.559
-6.539
-6.601
-6.704
-6.632
-6.549
-6.684
-6.425
-6.704
-6.611
-6.518
-6.559
-6.642
-6.736
-6.622
-6.539
-6.559
-6.611
-6.684
-6.601
-6.528
-6.611
-6.611
-6.673
-6.570
-6.518
-6.539
-6.673
-6.673
-6.549
-6.518
-6.549
-6.611
-6.642
-6.528
-6.508
-6.611
-6.591
-6.642
-6.642
-6.518
-6.559
-6.601
-6.694
-6.622
-6.528
-6.591
-6.777
-6.673
-6.549
-6.539
-6.663
-6.694
-6.663
-6.580
-6.570
-6.611
-6.829
-6.684
-6.591
-6.497
-6.601
-6.715
-6.663
-6.642
-6.601
-6.642
-6.725
-6.611
-6.559
-6.570
-6.663
-6.653
-6.570
-6.570
-6.580
-6.684
-6.767
-6.632
-6.580
-6.559
-6.767
-6.746
-6.601
-6.601
-6.663
-6.736
-6.673
-6.559
-6.611
-6.684
-6.787
-6.673
-6.611
-6.632
-6.642
-6.798
-6.611
-6.591
-6.622
-6.725
-6.767
-6.622
-6.601
-6.642
-6.746
-6.704
-6.611
-6.601
-6.622
-6.601
-6.746
-6.632
-6.591
-6.642
-6.725
-6.622
-6.632
-6.580
-6.642
-6.756
-6.632
-6.570
-6.611
-6.663
-6.632
-6.601
-6.591
-6.580
-6.632
-6.694
-6.559
-6.497
-6.570
-6.653
-6.673
-6.559
-6.539
-6.549
-6.642
-6.601
-6.591
-6.497
-6.311
-6.622
-6.591
-6.570
-6.456
-6.539
-6.611
-6.425
-6.591
-6.508
-6.549
-6.622
-6.570
-6.570
-6.528
-6.570
-6.663
-6.591
-6.580
-6.487
-6.632
-6.694
-6.622
-6.570
-6.704
-6.653
-6.725
-6.601
-6.622
-6.653
-6.684
-6.777
-6.642
-6.642
-6.694
-6.746
-6.746
-6.663
-6.632
-6.673
-6.787
-6.725
-6.622
-6.673
-6.704
-6.767
-6.694
-6.611
-6.570
-6.673
-6.756
-6.642
-6.611
-6.632
-6.704
-6.518
-6.642
-6.601
-6.622
-6.704
-6.839
-6.611
-6.591
-6.622
-6.767
-6.704
-6.642
-6.622
-6.684
-6.787
-6.684
-6.622
-6.653
-6.642
-6.798
-6.663
-6.591
-6.632
-6.663
-6.736
-6.777
-6.611
-6.487
-6.704
-6.736
-6.611
-6.404
-6.684
-6.673
-6.663
-6.611
-6.601
-6.715
-6.746
-6.684
-6.611
-6.611
-6.673
-6.756
-6.673
-6.632
-6.559
-6.736
-6.725
-6.497
-6.632
-6.663
-6.839
-6.777
-6.673
-6.622
-6.694
-6.767
-6.746
-6.642
-6.622
-6.756
-6.736
-6.673
-6.694
-6.777
-6.736
-6.798
-6.684
-6.622
-6.642
-6.715
-6.746
-6.663
-6.622
-6.632
-6.777
-6.725
-6.580
-6.601
-6.653
-6.725
-6.684
-6.663
-6.601
-6.684
-6.767
-6.684
-6.622
-6.611
-6.694
-6.829
-6.632
-6.601
-6.611
-6.704
-6.756
-6.611
-6.611
-6.632
-6.725
-6.787
-6.611
-6.580
-6.622
-6.704
-6.736
-6.591
-6.518
-6.601
-6.704
-6.673
-6.477
-6.570
-6.663
-6.736
-6.642
-6.601
-6.601
-6.653
-6.715
-6.663
-6.580
-6.591
-6.663
-6.715
-6.611
-6.611
-6.642
-6.746
-6.715
-6.632
-6.611
-6.663
-6.746
-6.736
-6.622
-6.632
-6.694
-6.798
-6.704
-6.642
-6.663
-6.746
-6.798
-6.684
-6.663
-6.528
-6.756
-6.767
-6.673
-6.611
-6.715
-6.787
-6.736
-6.663
-6.653
-6.725
-6.787
-6.704
-6.622
-6.653
-6.715
-6.787
-6.611
-6.632
-6.580
-6.777
-6.518
-6.663
-6.632
-6.684
-6.767
-6.746
-6.673
-6.663
-6.632
-6.798
-6.725
-6.684
-6.684
-6.725
-6.870
-6.642
-6.642
-6.725
-6.808
-6.839
-6.704
-6.663
-6.736
-6.798
-6.756
-6.673
-6.684
-6.736
-6.787
-6.756
-6.632
-6.663
-6.673
-6.798
-6.653
-6.601
-6.642
-6.715
-6.756
-6.632
-6.601
-6.642
-6.725
-6.559
-6.549
-6.580
-6.632
-6.746
-6.632
-6.559
-6.611
-6.653
-6.787
-6.684
-6.632
-6.622
-6.736
-6.787
-6.601
-6.663
-6.653
-6.777
-6.694
-6.611
-6.622
-6.684
-6.777
-6.767
-6.694
-6.653
-6.715
-6.808
-6.715
-6.642
-6.663
-6.746
-6.839
-6.715
-6.591
-6.715
-6.767
-6.787
-6.673
-6.549
-6.715
-6.798
-6.746
-6.663
-6.653
-6.777
-6.539
-6.715
-6.642
-6.663
-6.715
-6.663
-6.601
-6.622
-6.653
-6.746
-6.798
-6.777
-6.653
-6.642
-6.798
-6.549
-6.663
-6.673
-6.715
-6.777
-6.663
-6.632
-6.642
-6.704
-6.787
-6.673
-6.632
-6.715
-6.715
-6.798
-6.632
-6.653
-6.653
-6.870
-6.777
-6.518
-6.611
-6.653
-6.736
-6.725
-6.622
-6.622
-6.736
-6.756
-6.477
-6.601
-6.642
-6.715
-6.736
-6.829
-6.559
-6.642
-6.704
-6.767
-6.653
-6.632
-6.663
-6.798
-6.684
-6.653
-6.508
-6.673
-6.736
-6.684
-6.642
-6.622
-6.663
-6.756
-6.777
-6.632
-6.622
-6.611
-6.767
-6.704
-6.632
-6.528
-6.673
-6.736
-6.570
-6.580
-6.653
-6.704
-6.725
-6.622
-6.591
-6.642
-6.756
-6.767
-6.653
-6.601
-6.715
-6.767
-6.725
-6.798
-6.632
-6.746
-6.808
-6.694
-6.663
-6.694
-6.767
-6.818
-6.746
-6.632
-6.746
-6.870
-6.777
-6.684
-6.736
-6.725
-6.829
-6.736
-6.673
-6.715
-6.611
-6.849
-6.756
-6.684
-6.756
-6.849
-6.829
-6.746
-6.725
-6.798
-6.849
-6.798
-6.746
-6.611
-6.860
-6.849
-6.787
-6.746
-6.839
-6.860
-6.891
-6.767
-6.767
-6.891
-6.901
-6.787
-6.736
-6.746
-6.746
-6.870
-6.777
-6.704
-6.663
-6.943
-6.787
-6.736
-6.684
-6.756
-6.881
-6.756
-6.684
-6.528
-6.777
-6.829
-6.725
-6.694
-6.756
-6.818
-6.849
-6.673
-6.767
-6.746
-6.870
-6.798
-6.673
-6.715
-6.818
-6.870
-6.756
-6.725
-6.756
-6.839
-6.549
-6.725
-6.725
-6.798
-6.891
-6.767
-6.736
-6.704
-6.808
-6.860
-6.818
-6.818
-6.622
-6.829
-6.818
-6.694
-6.725
-6.891
-6.767
-6.777
-6.704
-6.704
-6.736
-6.839
-6.725
-6.715
-6.704
-6.798
-6.829
-6.725
-6.653
-6.787
-6.829
-6.849
-6.818
-6.684
-6.756
-6.808
-6.767
-6.694
-6.746
-6.787
-6.849
-6.736
-6.715
-6.777
-6.808
-6.818
-6.715
-6.736
-6.736
-6.808
-6.725
-6.684
-6.694
-6.860
-6.818
-6.715
-6.684
-6.704
-6.756
-6.798
-6.642
-6.622
-6.704
-6.787
-6.787
-6.694
-6.642
-6.736
-6.787
-6.704
-6.663
-6.580
-6.715
-6.787
-6.684
-6.622
-6.653
-6.622
-6.725
-6.611
-6.653
-6.611
-6.694
-6.725
-6.653
-6.570
-6.632
-6.808
-6.684
-6.580
-6.559
-6.622
-6.632
-6.632
-6.435
-6.497
-6.632
-6.704
-6.508
-6.591
-6.601
-6.663
-6.694
-6.653
-6.622
-6.591
-6.736
-6.767
-6.663
-6.611
-6.715
-6.787
-6.756
-6.694
-6.684
-6.715
-6.808
-6.715
-6.694
-6.653
-6.777
-6.808
-6.632
-6.684
-6.704
-6.756
-6.787
-6.684
-6.663
-6.704
-6.808
-6.756
-6.725
-6.704
-6.736
-6.870
-6.777
-6.694
-6.725
-6.777
-6.798
-6.725
-6.684
-6.715
-6.808
-6.818
-6.715
-6.632
-6.787
-6.767
-6.881
-6.736
-6.580
-6.777
-6.901
-6.632
-6.715
-6.756
-6.829
-6.839
-6.632
-6.715
-6.777
-6.870
-6.756
-6.715
-6.694
-6.787
-6.891
-6.767
-6.684
-6.715
-6.818
-6.860
-6.715
-6.694
-6.736
-6.756
-6.787
-6.684
-6.663
-6.725
-6.860
-6.746
-6.725
-6.736
-6.798
-6.922
-6.746
-6.736
-6.756
-6.849
-6.777
-6.746
-6.725
-6.736
-6.860
-6.787
-6.663
-6.611
-6.891
-6.860
-6.767
-6.725
-6.787
-6.870
-6.829
-6.694
-6.736
-6.736
-6.943
-6.756
-6.704
-6.704
-6.787
-6.870
-6.756
-6.725
-6.767
-6.849
-6.829
-6.932
-6.704
-6.798
-6.798
-6.777
-6.684
-6.580
-6.798
-6.818
-6.736
-6.715
-6.798
-6.839
-6.808
-6.725
-6.715
-6.829
-6.622
-6.715
-6.715
-6.694
-6.798
-6.881
-6.725
-6.704
-6.746
-6.829
-6.642
-6.736
-6.704
-6.974
-6.881
-6.849
-6.798
-6.715
-6.622
-6.881
-6.756
-6.704
-6.736
-6.756
-6.818
-6.725
-6.663
-6.787
-6.808
-6.767
-6.777
-6.673
-6.777
-6.849
-6.746
-6.767
-6.746
-6.849
-6.849
-6.746
-6.518
-6.777
-6.860
-6.736
-6.725
-6.787
-6.756
-6.818
-6.715
-6.694
-6.684
-6.777
-6.818
-6.746
-6.818
-6.746
-6.829
-6.767
-6.684
-6.673
-6.736
-6.725
-6.736
-6.632
-6.684
-6.860
-6.787
-6.694
-6.756
-6.715
-6.798
-6.808
-6.694
-6.694
-6.756
-6.808
-6.715
-6.684
-6.746
-6.746
-6.818
-6.746
-6.704
-6.756
-6.829
-6.829
-6.736
-6.746
-6.798
-6.870
-6.787
-6.767
-6.756
-6.777
-6.891
-6.787
-6.694
-6.756
-6.798
-6.849
-6.756
-6.694
-6.808
-6.912
-6.787
-6.611
-6.725
-6.704
-6.798
-6.746
-6.694
-6.694
-6.808
-6.829
-6.725
-6.715
-6.756
-6.932
-6.829
-6.673
-6.756
-6.777
-6.860
-6.746
-6.663
-6.860
-6.891
-6.839
-6.725
-6.715
-6.756
-6.829
-6.829
-6.746
-6.694
-6.818
-6.715
-6.549
-6.653
-6.715
-6.808
-6.870
-6.725
-6.694
-6.725
-6.818
-6.818
-6.756
-6.663
-6.725
-6.881
-6.673
-6.653
-6.736
-6.808
-6.912
-6.673
-6.684
-6.704
-6.787
-6.818
-6.715
-6.673
-6.798
-6.777
-6.756
-6.622
-6.694
-6.777
-6.684
-6.736
-6.725
-6.642
-6.736
-6.798
-6.694
-6.622
-6.704
-6.746
-6.736
-6.663
-6.642
-6.673
-6.818
-6.684
-6.601
-6.684
-6.736
-6.818
-6.704
-6.673
-6.684
-6.787
-6.798
-6.715
-6.694
-6.684
-6.767
-6.736
-6.694
-6.673
-6.715
-6.829
-6.736
-6.663
-6.632
-6.715
-6.798
-6.704
-6.694
-6.798
-6.756
-6.808
-6.446
-6.653
-6.663
-6.673
-6.767
-6.642
-6.622
-6.653
-6.808
-6.746
-6.632
-6.725
-6.756
-6.829
-6.798
-6.663
-6.684
-6.798
-6.870
-6.673
-6.704
-6.746
-6.818
-6.663
-6.663
-6.684
-6.704
-6.891
-6.767
-6.756
-6.746
-6.870
-6.881
-6.725
-6.715
-6.736
-6.849
-6.818
-6.653
-6.746
-6.725
-6.881
-6.704
-6.704
-6.777
-6.829
-6.943
-6.777
-6.684
-6.694
-6.798
-6.808
-6.694
-6.746
-6.725
-6.798
-6.777
-6.653
-6.684
-6.787
-6.767
-6.704
-6.684
-6.642
-6.725
-6.787
-6.694
-6.746
-6.601
-6.756
-6.777
-6.611
-6.798
-6.694
-6.767
-6.591
-6.611
-6.632
-6.642
-6.736
-6.684
-6.591
-6.591
-6.611
-6.694
-6.653
-6.559
-6.518
-6.663
-6.694
-6.642
-6.539
-6.549
-6.601
-6.684
-6.580
-6.518
-6.518
-6.601
-6.622
-6.570
-6.487
-6.570
-6.622
-6.694
-6.549
-6.477
-6.508
-6.559
-6.601
-6.528
-6.477
-6.508
-6.601
-6.663
-6.456
-6.477
-6.549
-6.601
-6.508
-6.477
-6.446
-6.435
-6.487
-6.549
-6.487
-6.518
-6.404
-6.477
-6.715
-6.456
-6.425
-6.425
-6.301
-6.559
-6.446
-6.404
-6.383
-6.466
-6.539
-6.477
-6.466
-6.404
-6.446
-6.570
-6.487
-6.466
-6.373
-6.518
-6.528
-6.611
-6.456
-6.383
-6.466
-6.539
-6.528
-6.425
-6.290
-6.394
-6.549
-6.632
-6.446
-6.446
-6.456
-6.528
-6.570
-6.518
-6.383
-6.466
-6.622
-6.549
-6.477
-6.373
-6.466
-6.383
-6.466
-6.518
-6.466
-6.528
-6.549
-6.611
-6.518
-6.425
-6.497
-6.580
-6.591
-6.518
-6.414
-6.518
-6.601
-6.518
-6.539
-6.435
-6.518
-6.528
-6.622
-6.528
-6.435
-6.508
-6.580
-6.591
-6.487
-6.477
-6.549
-6.632
-6.580
-6.559
-6.528
-6.539
-6.549
-6.580
-6.497
-6.435
-6.518
-6.601
-6.580
-6.632
-6.414
-6.539
-6.642
-6.622
-6.487
-6.456
-6.518
-6.611
-6.611
-6.466
-6.539
-6.559
-6.632
-6.580
-6.518
-6.487
-6.528
-6.622
-6.549
-6.518
-6.456
-6.518
-6.642
-6.549
-6.446
-6.321
-6.466
-6.570
-6.497
-6.497
-6.446
-6.425
-6.673
-6.528
-6.363
-6.363
-6.414
-6.518
-6.487
-6.352
-6.373
-6.404
-6.518
-6.518
-6.363
-6.332
-6.414
-6.704
-6.549
-6.425
-6.435
-6.435
-6.570
-6.570
-6.466
-6.508
-6.497
-6.383
-6.591
-6.466
-6.466
-6.508
-6.684
-6.570
-6.580
-6.518
-6.559
-6.653
-6.622
-6.518
-6.580
-6.570
-6.622
-6.622
-6.591
-6.508
-6.549
-6.684
-6.611
-6.611
-6.559
-6.539
-6.673
-6.559
-6.508
-6.259
-6.528
-6.642
-6.487
-6.539
-6.528
-6.528
-6.663
-6.653
-6.528
-6.549
-6.539
-6.756
-6.611
-6.591
-6.518
-6.632
-6.694
-6.632
-6.580
-6.601
-6.653
-6.725
-6.642
-6.632
-6.580
-6.673
-6.756
-6.632
-6.611
-6.539
-6.715
-6.715
-6.611
-6.570
-6.642
-6.736
-6.715
-6.622
-6.477
-6.663
-6.736
-6.715
-6.642
-6.663
-6.653
-6.777
-6.663
-6.632
-6.663
-6.663
-6.829
-6.653
-6.632
-6.611
-6.694
-6.715
-6.694
-6.591
-6.653
-6.725
-6.684
-6.632
-6.456
-6.704
-6.725
-6.704
-6.611
-6.539
-6.653
-6.684
-6.694
-6.580
-6.642
-6.736
-6.829
-6.694
-6.601
-6.518
-6.725
-6.756
-6.798
-6.653
-6.632
-6.746
-6.715
-6.673
-6.673
-6.704
-6.839
-6.653
-6.653
-6.684
-6.684
-6.736
-6.684
-6.684
-6.622
-6.777
-6.746
-6.611
-6.684
-6.736
-6.746
-6.736
-6.642
-6.653
-6.725
-6.818
-6.673
-6.684
-6.611
-6.725
-6.849
-6.663
-6.684
-6.725
-6.787
-6.746
-6.684
-6.611
-6.704
-6.798
-6.663
-6.684
-6.653
-6.725
-6.849
-6.684
-6.611
-6.684
-6.756
-6.849
-6.715
-6.653
-6.704
-6.787
-6.756
-6.673
-6.715
-6.725
-6.787
-6.725
-6.591
-6.622
-6.715
-6.839
-6.591
-6.694
-6.642
-6.767
-6.798
-6.715
-6.684
-6.725
-6.798
-6.808
-6.725
-6.622
-6.694
-6.798
-6.725
-6.653
-6.673
-6.839
-6.818
-6.704
-6.663
-6.694
-6.746
-6.798
-6.694
-6.601
-6.725
-6.653
-6.746
-6.704
-6.611
-6.684
-6.777
-6.746
-6.642
-6.580
-6.912
-6.746
-6.591
-6.715
-6.653
-6.756
-6.736
-6.736
-6.642
-6.725
-6.818
-6.736
-6.663
-6.580
-6.767
-6.839
-6.725
-6.787
-6.715
-6.777
-6.849
-6.704
-6.736
-6.746
-6.798
-6.829
-6.642
-6.684
-6.746
-6.725
-6.704
-6.704
-6.829
-6.756
-6.870
-6.736
-6.725
-6.839
-6.808
-6.787
-6.715
-6.704
-6.715
-6.839
-6.818
-6.673
-6.611
-6.715
-6.849
-6.756
-6.736
-6.725
-6.818
-6.736
-6.663
-6.673
-6.704
-6.787
-6.787
-6.787
-6.694
-6.694
-6.767
-6.829
-6.653
-6.663
-6.736
-6.787
-6.684
-6.622
-6.632
-6.715
-6.798
-6.653
-6.611
-6.653
-6.704
-6.860
-6.673
-6.601
-6.653
-6.756
-6.632
-6.601
-6.632
-6.653
-6.829
-6.704
-6.632
-6.642
-6.756
-6.829
-6.746
-6.611
-6.694
-6.684
-6.818
-6.704
-6.684
-6.746
-6.818
-6.798
-6.704
-6.663
-6.704
-6.787
-6.756
-6.632
-6.580
-6.725
-6.663
-6.736
-6.642
-6.736
-6.870
-6.756
-6.725
-6.653
-7.015
-6.798
-6.829
-6.787
-6.653
-6.715
-6.829
-6.736
-6.694
-6.653
-6.704
-6.849
-6.798
-6.663
-6.684
-6.974
-6.808
-6.725
-6.642
-6.704
-6.849
-6.777
-6.715
-6.663
-6.715
-6.860
-6.787
-6.673
-6.767
-6.777
-6.881
-6.777
-6.704
-6.984
-6.756
-6.860
-6.673
-6.715
-6.777
-6.787
-6.808
-6.694
-6.694
-6.767
-6.860
-6.798
-6.653
-6.736
-6.849
-6.777
-6.756
-6.704
-6.777
-6.839
-6.777
-6.704
-6.715
-6.777
-6.881
-6.777
-6.601
-6.767
-6.787
-6.860
-6.787
-6.694
-6.767
-6.860
-6.839
-6.715
-6.694
-6.736
-6.870
-6.808
-6.725
-6.736
-6.860
-6.849
-6.746
-6.787
-6.787
-6.891
-6.870
-6.746
-6.829
-6.860
-6.912
-6.849
-6.798
-6.808
-7.015
-6.932
-6.932
-6.891
-6.849
-6.953
-6.891
-6.818
-6.808
-6.912
-6.953
-6.849
-6.818
-6.818
-6.684
-6.901
-6.777
-6.839
-6.943
-6.881
-6.715
-6.829
-6.901
-6.912
-6.922
-6.963
-6.767
-6.860
-6.901
-6.870
-6.808
-6.767
-6.922
-6.912
-6.767
-6.777
-6.829
-6.953
-6.798
-6.767
-6.808
-6.818
-6.943
-6.777
-6.632
-6.777
-6.849
-6.849
-6.715
-6.798
-6.787
-6.849
-6.839
-6.684
-6.746
-6.808
-6.881
-6.756
-6.694
-6.725
-6.787
-6.818
-6.736
-6.414
-6.787
-6.818
-6.787
-6.694
-6.684
-6.798
-6.881
-6.798
-6.694
-6.642
-6.829
-6.798
-6.777
-6.694
-6.756
-6.839
-6.787
-6.694
-6.694
-6.663
-6.673
-6.746
-6.663
-6.704
-6.715
-6.849
-6.622
-6.653
-6.642
-6.591
-6.798
-6.632
-6.642
-6.653
-6.684
-6.622
-6.611
-6.611
-6.663
-6.673
-6.632
-6.611
-6.601
-6.611
-6.829
-6.632
-6.559
-6.642
-6.715
-6.777
-6.632
-6.622
-6.673
-6.725
-6.849
-6.736
-6.704
-6.653
-6.725
-6.798
-6.591
-6.663
-6.611
-6.715
-6.767
-6.373
-6.601
-6.756
-6.767
-6.860
-6.601
-6.653
-6.725
-6.798
-6.580
-6.497
-6.756
-6.756
-6.725
-6.704
-6.591
-6.622
-6.777
-6.725
-6.622
-6.632
-6.653
-6.808
-6.777
-6.632
-6.704
-6.694
-6.756
-6.684
-6.601
-6.663
-6.704
-6.787
-6.673
-6.849
-6.663
-6.725
-6.777
-6.694
-6.549
-6.725
-6.787
-6.549
-6.622
-6.704
-6.777
-6.870
-6.725
-6.746
-6.570
-6.725
-6.870
-6.704
-6.684
-6.787
-6.818
-6.818
-6.777
-6.694
-6.839
-6.870
-6.767
-6.808
-6.673
-6.860
-6.829
-6.725
-6.725
-6.767
-6.787
-6.684
-6.694
-6.673
-6.725
-6.860
-6.777
-6.673
-6.642
-6.694
-6.715
-6.715
-6.673
-6.725
-6.767
-6.725
-6.715
-6.684
-6.694
-6.756
-6.787
-6.715
-6.663
-6.715
-6.818
-6.715
-6.684
-6.663
-6.808
-6.860
-6.694
-6.704
-6.756
-6.777
-6.777
-6.673
-6.653
-6.756
-6.839
-6.611
-6.497
-6.756
-6.756
-6.860
-6.849
-6.715
-6.767
-6.881
-6.829
-6.798
-6.725
-6.767
-6.953
-6.818
-6.704
-6.922
-6.963
-6.922
-6.798
-6.549
-6.808
-6.912
-6.870
-6.798
-6.808
-6.839
-6.901
-6.870
-6.808
-6.756
-6.901
-6.901
-6.839
-6.818
-6.829
-6.974
-6.849
-6.767
-6.818
-6.953
-6.901
-6.818
-6.829
-6.870
-6.994
-6.881
-6.870
-6.570
-6.870
-7.005
-6.694
-6.818
-6.839
-6.912
-6.943
-6.818
-6.818
-6.881
-6.963
-6.767
-6.725
-6.839
-6.818
-6.881
-6.829
-6.663
-6.798
-6.932
-6.849
-6.787
-6.725
-6.891
-6.881
-6.787
-6.829
-6.829
-6.932
-6.849
-6.787
-6.818
-6.912
-7.005
-6.891
-6.808
-6.922
-6.984
-6.943
-6.912
-6.746
-6.943
-6.912
-6.891
-6.860
-6.912
-6.963
-7.005
-6.881
-6.808
-6.881
-6.994
-6.881
-6.829
-6.829
-6.943
-6.922
-6.932
-6.777
-6.881
-6.963
-6.849
-6.808
-6.777
-6.870
-6.922
-6.818
-6.798
-6.839
-6.860
-6.808
-6.798
-6.860
-6.673
-6.943
-6.912
-6.715
-6.808
-6.839
-6.974
-6.829
-6.725
-6.798
-6.943
-6.808
-6.736
-6.787
-6.818
-6.922
-6.767
-6.704
-6.829
-6.839
-6.829
-6.746
-6.767
-6.756
-6.922
-6.849
-6.725
-6.725
-6.798
-6.881
-6.808
-6.746
-6.756
-6.912
-6.849
-6.767
-6.891
-6.860
-6.870
-6.798
-6.798
-6.787
-6.881
-6.849
-6.808
-6.777
-6.829
-6.912
-6.860
-6.756
-6.528
-6.818
-6.943
-6.746
-6.736
-6.787
-7.026
-6.818
-6.601
-6.746
-6.756
-6.881
-6.839
-6.673
-6.715
-6.798
-6.829
-6.746
-6.642
-6.694
-6.808
-6.725
-6.673
-6.632
-6.663
-6.756
-6.725
-6.601
-6.580
-6.611
-6.725
-6.694
-6.580
-6.642
-6.653
-6.767
-6.549
-6.653
-6.642
-6.684
-6.756
-6.684
-6.601
-6.694
-6.487
-6.746
-6.653
-6.777
-6.725
-6.653
-6.725
-6.787
-6.673
-6.746
-6.829
-6.767
-6.715
-6.673
-6.798
-6.829
-6.684
-6.673
-6.725
-6.818
-6.808
-6.642
-6.798
-6.756
-6.808
-6.767
-6.663
-6.673
-6.673
-6.787
-6.653
-6.580
-6.622
-6.673
-6.798
-6.663
-6.539
-6.684
-6.746
-6.767
-6.591
-6.570
-6.580
-6.715
-6.684
-6.591
-6.549
-6.622
-6.663
-6.725
-6.611
-6.497
-6.611
-6.622
-6.736
-6.632
-6.518
-6.601
-6.818
-6.673
-6.601
-6.591
-6.704
-6.736
-6.632
-6.591
-6.570
-6.725
-6.756
-6.663
-6.684
-6.663
-6.736
-6.787
-6.622
-6.632
-6.746
-6.829
-6.704
-6.632
-6.673
-6.591
-6.849
-6.746
-6.704
-6.725
-6.777
-6.849
-6.684
-6.694
-6.756
-6.839
-6.808
-6.684
-6.704
-6.767
-7.015
-6.818
-6.549
-6.736
-6.808
-6.818
-6.694
-6.725
-6.767
-6.818
-6.849
-6.725
-6.746
-6.767
-6.932
-6.767
-6.756
-6.704
-6.777
-6.870
-6.725
-6.642
-6.767
-6.818
-6.798
-6.715
-6.673
-6.767
-6.808
-6.591
-6.767
-6.746
-6.829
-6.798
-6.798
-6.694
-6.684
-6.798
-6.798
-6.694
-6.684
-6.704
-6.860
-6.870
-6.953
-6.736
-6.808
-6.891
-6.746
-6.746
-6.767
-6.777
-6.839
-6.746
-6.715
-6.798
-6.829
-6.860
-6.818
-6.736
-6.798
-6.881
-6.767
-6.673
-6.715
-6.808
-6.901
-6.725
-6.725
-6.767
-6.870
-6.777
-6.767
-6.777
-6.559
-6.808
-6.694
-6.704
-6.767
-6.787
-6.870
-6.580
-6.704
-6.756
-6.839
-6.601
-6.673
-6.746
-6.901
-6.912
-6.808
-6.663
-6.746
-6.860
-6.808
-6.777
-6.663
-6.808
-6.849
-6.849
-6.736
-6.673
-6.767
-7.077
-6.798
-6.870
-6.756
-6.787
-6.849
-6.736
-6.756
-6.808
-6.839
-6.798
-6.736
-6.746
-6.777
-6.839
-6.901
-6.673
-6.808
-6.849
-6.881
-6.787
-6.642
-6.818
-6.808
-6.860
-6.725
-6.736
-6.653
-6.849
-6.756
-6.684
-6.632
-6.808
-6.881
-6.704
-6.756
-6.694
-6.767
-6.704
-6.746
-6.694
-6.787
-6.829
-6.860
-6.839
-6.787
-6.808
-6.891
-6.756
-6.704
-6.777
-6.943
-6.839
-6.777
-6.736
-6.798
-6.922
-6.798
-6.787
-6.849
-6.860
-7.046
-6.787
-6.736
-6.684
-6.932
-6.901
-6.798
-6.746
-6.839
-6.922
-6.808
-6.756
-6.808
-6.860
-6.849
-6.756
-6.715
-6.725
-6.870
-6.756
-6.736
-6.746
-6.777
-6.891
-6.777
-6.736
-6.580
-6.943
-6.860
-6.704
-6.694
-6.694
-6.798
-6.818
-6.642
-6.715
-6.808
-6.829
-6.798
-6.715
-6.715
-6.798
-6.881
-6.829
-6.767
-6.736
-6.787
-6.777
-6.798
-6.746
-6.849
-6.860
-6.808
-6.746
-6.756
-6.849
-6.829
-6.818
-6.704
-6.715
-6.922
-6.839
-6.756
-6.870
-6.798
-6.891
-6.798
-6.767
-6.767
-6.860
-6.922
-6.756
-6.756
-6.777
-6.849
-6.829
-6.798
-6.798
-6.767
-6.901
-6.943
-6.725
-6.808
-6.860
-6.881
-6.767
-6.684
-6.725
-6.870
-6.818
-6.715
-6.694
-6.787
-6.849
-6.736
-6.725
-6.746
-6.808
-6.839
-6.767
-6.704
-6.715
-6.798
-6.767
-6.767
-6.632
-6.653
-6.756
-6.829
-6.611
-6.715
-6.798
-6.808
-6.715
-6.684
-6.704
-6.818
-6.756
-6.673
-6.736
-6.704
-6.756
-6.767
-6.673
-6.611
-6.756
-6.881
-6.684
-6.684
-6.694
-6.704
-6.870
-6.632
-6.704
-6.767
-6.746
-6.756
-6.694
-6.632
-6.518
-6.829
-6.704
-6.601
-6.673
-6.725
-6.777
-6.746
-6.622
-6.663
-6.777
-6.736
-6.673
-6.808
-6.684
-6.704
-6.798
-6.663
-6.642
-6.684
-6.767
-6.736
-6.704
-6.663
-6.715
-6.818
-6.715
-6.653
-6.632
-6.684
-6.746
-6.642
-6.642
-6.653
-6.746
-6.777
-6.632
-6.694
-6.725
-6.777
-6.725
-6.694
-6.704
-6.704
-6.777
-6.684
-6.642
-6.704
-6.694
-6.787
-6.684
-6.570
-6.456
-6.756
-6.870
-6.611
-6.653
-6.715
-6.736
-6.756
-6.704
-6.601
-6.632
-6.787
-6.736
-6.642
-6.653
-6.725
-6.673
-6.736
-6.611
-6.715
-6.808
-6.622
-6.725
-6.694
-6.704
-6.818
-6.539
-6.663
-6.642
-6.746
-6.767
-6.756
-6.715
-6.632
-6.684
-6.663
-6.767
-6.653
-6.704
-6.818
-6.756
-6.663
-6.694
-6.684
-6.580
-6.684
-6.673
-6.663
-6.736
-6.787
-6.746
-6.663
-6.694
-6.746
