-4.467
-4.436
-4.530
-4.385
-4.364
-4.240
-4.385
-4.416
-4.447
-4.509
-4.540
-4.550
-4.499
-4.499
-4.447
-4.405
-4.416
-4.312
-4.519
-4.499
-4.623
-4.561
-4.550
-4.623
-4.478
-4.447
-4.405
-4.426
-4.457
-4.457
-4.488
-4.550
-4.540
-4.550
-4.488
-4.416
-4.436
-4.395
-4.395
-4.405
-4.436
-4.457
-4.550
-4.540
-4.530
-4.488
-4.447
-4.385
-4.426
-4.395
-4.416
-4.416
-4.478
-4.478
-4.519
-4.633
-4.416
-4.426
-4.405
-4.395
-4.457
-4.457
-4.457
-4.509
-4.550
-4.550
-4.354
-4.571
-4.426
-4.426
-4.436
-4.426
-4.457
-4.488
-4.519
-4.581
-4.602
-4.436
-4.478
-4.416
-4.395
-4.260
-4.436
-4.509
-4.519
-4.488
-4.540
-4.509
-4.447
-4.488
-4.436
-4.436
-4.436
-4.436
-4.478
-4.509
-4.550
-4.581
-4.530
-4.478
-4.467
-4.416
-4.426
-4.416
-4.447
-4.436
-4.530
-4.581
-4.571
-4.530
-4.488
-4.467
-4.436
-4.447
-4.436
-4.530
-4.530
-4.571
-4.612
-4.571
-4.499
-4.499
-4.457
-4.478
-4.467
-4.457
-4.519
-4.550
-4.592
-4.571
-4.540
-4.519
-4.499
-4.478
-4.467
-4.457
-4.530
-4.530
-4.581
-4.623
-4.581
-4.530
-4.478
-4.467
-4.447
-4.447
-4.478
-4.291
-4.561
-4.623
-4.592
-4.571
-4.509
-4.478
-4.540
-4.457
-4.478
-4.499
-4.561
-4.592
-4.623
-4.581
-4.561
-4.499
-4.488
-4.571
-4.447
-4.488
-4.540
-4.550
-4.561
-4.612
-4.561
-4.509
-4.478
-4.457
-4.457
-4.530
-4.467
-4.540
-4.561
-4.695
-4.561
-4.519
-4.467
-4.561
-4.426
-4.561
-4.426
-4.488
-4.550
-4.561
-4.571
-4.561
-4.509
-4.457
-4.478
-4.416
-4.436
-4.467
-4.509
-4.550
-4.581
-4.644
-4.519
-4.509
-4.499
-4.467
-4.374
-4.271
-4.478
-4.550
-4.581
-4.488
-4.571
-4.561
-4.571
-4.457
-4.447
-4.509
-4.519
-4.530
-4.581
-4.592
-4.612
-4.540
-4.519
-4.592
-4.447
-4.488
-4.633
-4.612
-4.550
-4.623
-4.623
-4.685
-4.540
-4.633
-4.478
-4.467
-4.488
-4.519
-4.581
-4.602
-4.623
-4.633
-4.561
-4.509
-4.519
-4.499
-4.509
-4.530
-4.540
-4.592
-4.623
-4.726
-4.592
-4.519
-4.499
-4.478
-4.488
-4.478
-4.530
-4.561
-4.602
-4.592
-4.561
-4.550
-4.478
-4.447
-4.426
-4.447
-4.488
-4.499
-4.592
-4.592
-4.602
-4.540
-4.519
-4.312
-4.198
-4.436
-4.447
-4.478
-4.499
-4.571
-4.592
-4.602
-4.509
-4.478
-4.436
-4.467
-4.457
-4.488
-4.478
-4.561
-4.571
-4.592
-4.540
-4.478
-4.467
-4.457
-4.436
-4.519
-4.509
-4.509
-4.561
-4.623
-4.602
-4.530
-4.467
-4.478
-4.364
-4.457
-4.457
-4.447
-4.561
-4.612
-4.612
-4.592
-4.540
-4.530
-4.467
-4.478
-4.467
-4.540
-4.561
-4.623
-4.747
-4.612
-4.571
-4.530
-4.509
-4.499
-4.509
-4.530
-4.581
-4.612
-4.644
-4.633
-4.602
-4.540
-4.447
-4.488
-4.519
-4.540
-4.685
-4.633
-4.644
-4.644
-4.592
-4.561
-4.519
-4.499
-4.499
-4.519
-4.540
-4.561
-4.592
-4.623
-4.602
-4.561
-4.499
-4.467
-4.488
-4.499
-4.488
-4.561
-4.561
-4.405
-4.571
-4.540
-4.488
-4.467
-4.426
-4.436
-4.488
-4.499
-4.540
-4.581
-4.540
-4.581
-4.509
-4.457
-4.457
-4.426
-4.436
-4.488
-4.519
-4.540
-4.581
-4.602
-4.374
-4.488
-4.488
-4.447
-4.488
-4.467
-4.581
-4.581
-4.581
-4.602
-4.592
-4.530
-4.540
-4.478
-4.478
-4.488
-4.623
-4.550
-4.602
-4.623
-4.623
-4.581
-4.561
-4.530
-4.499
-4.509
-4.519
-4.561
-4.467
-4.644
-4.747
-4.467
-4.550
-4.509
-4.530
-4.509
-4.509
-4.602
-4.602
-4.633
-4.644
-4.623
-4.550
-4.530
-4.488
-4.499
-4.509
-4.519
-4.561
-4.623
-4.654
-4.612
-4.571
-4.509
-4.488
-4.499
-4.499
-4.343
-4.571
-4.592
-4.395
-4.602
-4.592
-4.530
-4.519
-4.509
-4.499
-4.499
-4.519
-4.675
-4.685
-4.612
-4.581
-4.664
-4.467
-4.467
-4.488
-4.499
-4.302
-4.550
-4.675
-4.561
-4.592
-4.550
-4.488
-4.499
-4.509
-4.499
-4.571
-4.561
-4.592
-4.612
-4.633
-4.602
-4.519
-4.530
-4.509
-4.499
-4.530
-4.540
-4.478
-4.623
-4.768
-4.623
-4.675
-4.540
-4.592
-4.499
-4.530
-4.530
-4.602
-4.633
-4.737
-4.530
-4.550
-4.519
-4.499
-4.488
-4.509
-4.509
-4.540
-4.592
-4.612
-4.602
-4.561
-4.467
-4.499
-4.467
-4.488
-4.499
-4.509
-4.571
-4.623
-4.623
-4.602
-4.540
-4.478
-4.395
-4.467
-4.436
-4.530
-4.623
-4.592
-4.633
-4.633
-4.509
-4.540
-4.623
-4.499
-4.499
-4.519
-4.561
-4.602
-4.654
-4.654
-4.675
-4.561
-4.519
-4.519
-4.281
-4.530
-4.571
-4.592
-4.499
-4.644
-4.623
-4.550
-4.519
-4.519
-4.509
-4.509
-4.550
-4.623
-4.612
-4.644
-4.623
-4.602
-4.519
-4.519
-4.478
-4.519
-4.540
-4.561
-4.602
-4.654
-4.623
-4.561
-4.530
-4.499
-4.488
-4.488
-4.530
-4.561
-4.592
-4.623
-4.623
-4.592
-4.530
-4.519
-4.499
-4.478
-4.499
-4.519
-4.478
-4.612
-4.602
-4.571
-4.540
-4.488
-4.478
-4.478
-4.467
-4.499
-4.488
-4.571
-4.592
-4.695
-4.592
-4.509
-4.457
-4.447
-4.436
-4.488
-4.499
-4.540
-4.571
-4.602
-4.561
-4.519
-4.281
-4.436
-4.467
-4.540
-4.488
-4.550
-4.540
-4.623
-4.436
-4.519
-4.488
-4.478
-4.540
-4.478
-4.467
-4.530
-4.540
-4.623
-4.623
-4.571
-4.530
-4.561
-4.499
-4.488
-4.499
-4.519
-4.550
-4.581
-4.644
-4.612
-4.561
-4.519
-4.499
-4.530
-4.499
-4.509
-4.561
-4.581
-4.612
-4.602
-4.592
-4.530
-4.530
-4.644
-4.488
-4.530
-4.530
-4.602
-4.633
-4.664
-4.612
-4.550
-4.519
-4.333
-4.488
-4.499
-4.540
-4.561
-4.550
-4.644
-4.623
-4.550
-4.499
-4.488
-4.478
-4.530
-4.509
-4.550
-4.592
-4.509
-4.633
-4.571
-4.550
-4.623
-4.499
-4.530
-4.633
-4.561
-4.612
-4.664
-4.654
-4.602
-4.540
-4.530
-4.509
-4.499
-4.519
-4.550
-4.592
-4.633
-4.664
-4.612
-4.612
-4.540
-4.509
-4.322
-4.550
-4.540
-4.488
-4.612
-4.654
-4.602
-4.540
-4.530
-4.509
-4.488
-4.478
-4.519
-4.540
-4.550
-4.519
-4.612
-4.540
-4.509
-4.467
-4.509
-4.447
-4.457
-4.499
-4.519
-4.571
-4.592
-4.602
-4.540
-4.530
-4.488
-4.488
-4.478
-4.509
-4.499
-4.540
-4.685
-4.612
-4.561
-4.519
-4.488
-4.478
-4.499
-4.499
-4.540
-4.561
-4.623
-4.623
-4.612
-4.550
-4.499
-4.519
-4.467
-4.478
-4.499
-4.374
-4.571
-4.612
-4.726
-4.561
-4.530
-4.457
-4.467
-4.467
-4.467
-4.488
-4.550
-4.581
-4.571
-4.581
-4.530
-4.209
-4.447
-4.457
-4.467
-4.302
-4.509
-4.550
-4.581
-4.581
-4.540
-4.602
-4.467
-4.436
-4.426
-4.219
-4.478
-4.509
-4.602
-4.592
-4.561
-4.530
-4.478
-4.436
-4.447
-4.447
-4.457
-4.499
-4.530
-4.571
-4.571
-4.530
-4.612
-4.436
-4.436
-4.405
-4.457
-4.457
-4.509
-4.499
-4.540
-4.571
-4.530
-4.488
-4.436
-4.416
-4.436
-4.467
-4.478
-4.519
-4.633
-4.530
-4.561
-4.530
-4.478
-4.478
-4.457
-4.467
-4.499
-4.571
-4.581
-4.612
-4.664
-4.540
-4.478
-4.395
-4.405
-4.395
-4.467
-4.467
-4.478
-4.571
-4.623
-4.571
-4.457
-4.467
-4.436
-4.426
-4.426
-4.478
-4.519
-4.675
-4.592
-4.602
-4.540
-4.509
-4.478
-4.447
-4.457
-4.509
-4.612
-4.530
-4.602
-4.623
-4.592
-4.499
-4.499
-4.457
-4.447
-4.281
-4.467
-4.405
-4.519
-4.644
-4.530
-4.540
-4.447
-4.426
-4.478
-4.416
-4.405
-4.530
-4.550
-4.530
-4.550
-4.447
-4.519
-4.467
-4.447
-4.333
-4.426
-4.426
-4.457
-4.488
-4.633
-4.571
-4.509
-4.488
-4.457
-4.426
-4.188
-4.499
-4.457
-4.478
-4.447
-4.571
-4.571
-4.530
-4.467
-4.447
-4.385
-4.509
-4.426
-4.488
-4.488
-4.530
-4.571
-4.571
-4.291
-4.457
-4.457
-4.488
-4.426
-4.457
-4.478
-4.540
-4.561
-4.592
-4.561
-4.509
-4.457
-4.457
-4.467
-4.488
-4.416
-4.519
-4.540
-4.592
-4.592
-4.550
-4.540
-4.457
-4.436
-4.447
-4.457
-4.271
-4.499
-4.519
-4.540
-4.540
-4.509
-4.623
-4.447
-4.312
-4.416
-4.354
-4.478
-4.509
-4.581
-4.592
-4.561
-4.478
-4.457
-4.322
-4.374
-4.416
-4.457
-4.467
-4.519
-4.561
-4.571
-4.519
-4.467
-4.447
-4.416
-4.405
-4.405
-4.436
-4.530
-4.426
-4.571
-4.581
-4.550
-4.457
-4.405
-4.322
-4.447
-4.426
-4.488
-4.499
-4.540
-4.561
-4.561
-4.467
-4.550
-4.436
-4.416
-4.436
-4.467
-4.436
-4.612
-4.602
-4.602
-4.540
-4.499
-4.478
-4.436
-4.436
-4.561
-4.467
-4.561
-4.550
-4.612
-4.602
-4.488
-4.530
-4.467
-4.467
-4.426
-4.467
-4.581
-4.499
-4.571
-4.633
-4.499
-4.519
-4.467
-4.447
-4.436
-4.426
-4.488
-4.499
-4.540
-4.581
-4.581
-4.499
-4.488
-4.426
-4.395
-4.364
-4.447
-4.478
-4.499
-4.488
-4.612
-4.561
-4.509
-4.467
-4.426
-4.416
-4.550
-4.436
-4.467
-4.633
-4.478
-4.571
-4.499
-4.478
-4.447
-4.488
-4.416
-4.457
-4.457
-4.499
-4.592
-4.612
-4.592
-4.540
-4.488
-4.499
-4.467
-4.467
-4.405
-4.467
-4.530
-4.540
-4.592
-4.592
-4.519
-4.467
-4.426
-4.436
-4.416
-4.488
-4.385
-4.540
-4.540
-4.561
-4.540
-4.467
-4.447
-4.416
-4.374
-4.416
-4.426
-4.447
-4.488
-4.540
-4.602
-4.571
-4.229
-4.457
-4.436
-4.436
-4.467
-4.405
-4.488
-4.581
-4.602
-4.581
-4.426
-4.499
-4.426
-4.416
-4.467
-4.478
-4.519
-4.550
-4.592
-4.612
-4.602
-4.519
-4.499
-4.457
-4.457
-4.499
-4.530
-4.530
-4.592
-4.550
-4.592
-4.561
-4.499
-4.571
-4.405
-4.478
-4.488
-4.550
-4.550
-4.612
-4.623
-4.581
-4.530
-4.488
-4.416
-4.499
-4.488
-4.530
-4.581
-4.571
-4.644
-4.623
-4.540
-4.509
-4.488
-4.478
-4.509
-4.499
-4.550
-4.592
-4.644
-4.612
-4.571
-4.530
-4.457
-4.509
-4.488
-4.519
-4.550
-4.581
-4.612
-4.623
-4.509
-4.509
-4.488
-4.530
-4.488
-4.509
-4.488
-4.571
-4.571
-4.633
-4.623
-4.550
-4.530
-4.561
-4.488
-4.519
-4.530
-4.540
-4.612
-4.654
-4.633
-4.612
-4.519
-4.530
-4.509
-4.488
-4.530
-4.550
-4.530
-4.644
-4.633
-4.571
-4.509
-4.519
-4.519
-4.519
-4.540
-4.571
-4.612
-4.644
-4.664
-4.612
-4.550
-4.488
-4.540
-4.540
-4.530
-4.530
-4.602
-4.654
-4.685
-4.602
-4.550
-4.561
-4.519
-4.530
-4.675
-4.571
-4.654
-4.757
-4.695
-4.633
-4.540
-4.571
-4.530
-4.457
-4.530
-4.571
-4.612
-4.644
-4.675
-4.633
-4.571
-4.530
-4.499
-4.478
-4.447
-4.509
-4.540
-4.602
-4.602
-4.602
-4.685
-4.519
-4.478
-4.488
-4.478
-4.478
-4.509
-4.561
-4.581
-4.581
-4.550
-4.509
-4.478
-4.426
-4.509
-4.457
-4.488
-4.530
-4.571
-4.602
-4.592
-4.581
-4.499
-4.436
-4.436
-4.467
-4.467
-4.499
-4.509
-4.592
-4.612
-4.540
-4.519
-4.499
-4.447
-4.467
-4.333
-4.530
-4.540
-4.561
-4.612
-4.550
-4.561
-4.571
-4.499
-4.343
-4.488
-4.478
-4.488
-4.561
-4.602
-4.716
-4.602
-4.550
-4.478
-4.467
-4.488
-4.488
-4.478
-4.550
-4.685
-4.623
-4.592
-4.550
-4.478
-4.540
-4.447
-4.478
-4.488
-4.499
-4.540
-4.571
-4.623
-4.540
-4.540
-4.488
-4.436
-4.436
-4.447
-4.478
-4.509
-4.561
-4.612
-4.499
-4.509
-4.416
-4.447
-4.447
-4.447
-4.499
-4.509
-4.519
-4.571
-4.592
-4.571
-4.488
-4.436
-4.436
-4.426
-4.436
-4.395
-4.478
-4.664
-4.561
-4.571
-4.530
-4.457
-4.426
-4.395
-4.385
-4.499
-4.426
-4.436
-4.478
-4.457
-4.499
-4.467
-4.426
-4.405
-4.271
-4.354
-4.354
-4.343
-4.405
-4.447
-4.478
-4.509
-4.499
-4.447
-4.364
-4.374
-4.364
-4.385
-4.405
-4.405
-4.467
-4.499
-4.530
-4.488
-4.478
-4.436
-4.385
-4.385
-4.436
-4.395
-4.385
-4.509
-4.612
-4.592
-4.519
-4.509
-4.447
-4.447
-4.436
-4.457
-4.416
-4.488
-4.530
-4.581
-4.540
-4.467
-4.499
-4.467
-4.395
-4.447
-4.467
-4.416
-4.530
-4.447
-4.581
-4.540
-4.509
-4.457
-4.447
-4.405
-4.364
-4.405
-4.478
-4.457
-4.540
-4.550
-4.530
-4.447
-4.240
-4.395
-4.395
-4.395
-4.436
-4.478
-4.499
-4.499
-4.530
-4.499
-4.426
-4.395
-4.395
-4.395
-4.333
-4.530
-4.447
-4.509
-4.519
-4.571
-4.530
-4.426
-4.426
-4.405
-4.354
-4.405
-4.457
-4.519
-4.540
-4.571
-4.322
-4.519
-4.457
-4.395
-4.364
-4.467
-4.447
-4.571
-4.509
-4.540
-4.581
-4.447
-4.488
-4.478
-4.395
-4.240
-4.457
-4.467
-4.457
-4.260
-4.592
-4.540
-4.540
-4.509
-4.499
-4.426
-4.426
-4.426
-4.499
-4.509
-4.550
-4.550
-4.561
-4.488
-4.426
-4.436
-4.354
-4.405
-4.395
-4.467
-4.509
-4.571
-4.561
-4.550
-4.467
-4.467
-4.426
-4.312
-4.457
-4.354
-4.467
-4.457
-4.644
-4.581
-4.561
-4.499
-4.436
-4.416
-4.499
-4.436
-4.447
-4.478
-4.478
-4.540
-4.519
-4.499
-4.416
-4.426
-4.354
-4.312
-4.457
-4.405
-4.478
-4.478
-4.530
-4.530
-4.488
-4.436
-4.395
-4.229
-4.385
-4.405
-4.405
-4.499
-4.478
-4.654
-4.561
-4.499
-4.467
-4.426
-4.405
-4.519
-4.447
-4.519
-4.447
-4.633
-4.644
-4.561
-4.530
-4.499
-4.488
-4.436
-4.447
-4.467
-4.499
-4.571
-4.581
-4.571
-4.561
-4.478
-4.478
-4.416
-4.488
-4.457
-4.509
-4.561
-4.550
-4.571
-4.571
-4.488
-4.478
-4.436
-4.333
-4.478
-4.416
-4.519
-4.540
-4.550
-4.592
-4.561
-4.509
-4.457
-4.405
-4.426
-4.426
-4.436
-4.240
-4.581
-4.561
-4.623
-4.519
-4.478
-4.426
-4.395
-4.364
-4.405
-4.416
-4.271
-4.467
-4.530
-4.581
-4.499
-4.519
-4.540
-4.354
-4.447
-4.385
-4.426
-4.478
-4.478
-4.519
-4.561
-4.509
-4.550
-4.457
-4.426
-4.395
-4.343
-4.416
-4.447
-4.478
-4.540
-4.550
-4.509
-4.457
-4.426
-4.436
-4.426
-4.405
-4.426
-4.478
-4.488
-4.519
-4.530
-4.488
-4.467
-4.436
-4.405
-4.343
-4.416
-4.447
-4.467
-4.509
-4.530
-4.530
-4.467
-4.416
-4.395
-4.374
-4.395
-4.457
-4.478
-4.478
-4.509
-4.633
-4.519
-4.457
-4.426
-4.405
-4.354
-4.364
-4.385
-4.416
-4.436
-4.519
-4.581
-4.530
-4.457
-4.457
-4.343
-4.343
-4.364
-4.385
-4.416
-4.436
-4.478
-4.550
-4.426
-4.416
-4.426
-4.395
-4.436
-4.364
-4.374
-4.385
-4.426
-4.457
-4.519
-4.447
-4.457
-4.426
-4.374
-4.333
-4.354
-4.436
-4.436
-4.457
-4.333
-4.364
-4.509
-4.478
-4.416
-4.395
-4.447
-4.385
-4.488
-4.436
-4.416
-4.467
-4.519
-4.540
-4.530
-4.499
-4.385
-4.395
-4.405
-4.426
-4.447
-4.488
-4.540
-4.561
-4.519
-4.488
-4.550
-4.395
-4.436
-4.488
-4.457
-4.478
-4.540
-4.581
-4.395
-4.561
-4.519
-4.457
-4.447
-4.426
-4.405
-4.478
-4.395
-4.561
-4.612
-4.581
-4.540
-4.488
-4.467
-4.447
-4.467
-4.467
-4.488
-4.612
-4.550
-4.550
-4.561
-4.478
-4.426
-4.416
-4.405
-4.447
-4.478
-4.467
-4.519
-4.550
-4.612
-4.519
-4.530
-4.426
-4.385
-4.364
-4.550
-4.426
-4.499
-4.457
-4.561
-4.519
-4.602
-4.540
-4.416
-4.395
-4.395
-4.416
-4.405
-4.499
-4.467
-4.540
-4.571
-4.436
-4.530
-4.447
-4.374
-4.457
-4.426
-4.426
-4.467
-4.499
-4.550
-4.312
-4.499
-4.405
-4.416
-4.385
-4.457
-4.447
-4.457
-4.436
-4.509
-4.530
-4.499
-4.488
-4.426
-4.405
-4.405
-4.364
-4.426
-4.416
-4.467
-4.447
-4.530
-4.550
-4.426
-4.436
-4.395
-4.436
-4.167
-4.416
-4.592
-4.509
-4.519
-4.633
-4.416
-4.436
-4.405
-4.395
-4.374
-4.374
-4.405
-4.416
-4.478
-4.519
-4.561
-4.592
-4.499
-4.343
-4.271
-4.385
-4.395
-4.436
-4.436
-4.457
-4.540
-4.581
-4.509
-4.447
-4.457
-4.405
-4.322
-4.374
-4.426
-4.374
-4.509
-4.509
-4.581
-4.509
-4.416
-4.374
-4.395
-4.385
-4.395
-4.405
-4.488
-4.519
-4.561
-4.540
-4.519
-4.509
-4.374
-4.426
-4.416
-4.354
-4.374
-4.426
-4.488
-4.519
-4.509
-4.467
-4.426
-4.467
-4.395
-4.374
-4.364
-4.395
-4.395
-4.488
-4.509
-4.644
-4.509
-4.457
-4.416
-4.405
-4.416
-4.436
-4.405
-4.488
-4.488
-4.509
-4.519
-4.405
-4.447
-4.395
-4.519
-4.447
-4.374
-4.436
-4.395
-4.250
-4.271
-4.519
-4.561
-4.426
-4.343
-4.385
-4.395
-4.385
-4.467
-4.467
-4.499
-4.519
-4.519
-4.488
-4.447
-4.333
-4.281
-4.509
-4.385
-4.343
-4.457
-4.499
-4.530
-4.509
-4.478
-4.478
-4.447
-4.436
-4.219
-4.416
-4.499
-4.509
-4.499
-4.550
-4.467
-4.447
-4.519
-4.436
-4.302
-4.436
-4.478
-4.499
-4.530
-4.571
-4.509
-4.550
-4.540
-4.385
-4.395
-4.385
-4.395
-4.467
-4.467
-4.509
-4.550
-4.540
-4.530
-4.436
-4.416
-4.385
-4.436
-4.385
-4.416
-4.509
-4.499
-4.509
-4.654
-4.499
-4.405
-4.405
-4.354
-4.416
-4.426
-4.457
-4.530
-4.530
-4.581
-4.571
-4.571
-4.426
-4.405
-4.416
-4.530
-4.457
-4.457
-4.499
-4.530
-4.561
-4.509
-4.509
-4.416
-4.488
-4.343
-4.416
-4.426
-4.478
-4.488
-4.592
-4.550
-4.488
-4.478
-4.416
-4.405
-4.416
-4.447
-4.188
-4.457
-4.519
-4.581
-4.530
-4.499
-4.436
-4.405
-4.416
-4.364
-4.395
-4.405
-4.488
-4.509
-4.540
-4.550
-4.447
-4.426
-4.322
-4.374
-4.416
-4.416
-4.385
-4.499
-4.499
-4.540
-4.540
-4.416
-4.354
-4.385
-4.416
-4.343
-4.385
-4.374
-4.478
-4.550
-4.322
-4.509
-4.509
-4.416
-4.385
-4.405
-4.395
-4.519
-4.436
-4.509
-4.675
-4.499
-4.488
-4.488
-4.488
-4.447
-4.385
-4.395
-4.488
-4.457
-4.509
-4.550
-4.612
-4.550
-4.478
-4.426
-4.426
-4.395
-4.499
-4.447
-4.364
-4.519
-4.540
-4.550
-4.519
-4.467
-4.561
-4.519
-4.405
-4.405
-4.395
-4.478
-4.467
-4.550
-4.581
-4.530
-4.467
-4.333
-4.395
-4.405
-4.416
-4.436
-4.467
-4.530
-4.561
-4.623
-4.602
-4.436
-4.457
-4.519
-4.416
-4.426
-4.405
-4.488
-4.519
-4.561
-4.530
-4.581
-4.509
-4.426
-4.467
-4.405
-4.426
-4.488
-4.550
-4.499
-4.571
-4.457
-4.291
-4.561
-4.405
-4.374
-4.467
-4.395
-4.488
-4.488
-4.488
-4.530
-4.571
-4.436
-4.405
-4.354
-4.188
-4.395
-4.426
-4.447
-4.385
-4.540
-4.343
-4.478
-4.467
-4.322
-4.374
-4.395
-4.322
-4.395
-4.426
-4.457
-4.499
-4.499
-4.467
-4.447
-4.416
-4.354
-4.302
-4.385
-4.426
-4.447
-4.478
-4.436
-4.499
-4.488
-4.405
-4.405
-4.374
-4.374
-4.312
-4.395
-4.374
-4.385
-4.509
-4.612
-4.561
-4.416
-4.426
-4.426
-4.364
-4.354
-4.405
-4.436
-4.478
-4.602
-4.426
-4.499
-4.426
-4.467
-4.457
-4.457
-4.385
-4.478
-4.405
-4.447
-4.457
-4.509
-4.488
-4.467
-4.302
-4.540
-4.530
-4.457
-4.395
-4.405
-4.467
-4.509
-4.550
-4.540
-4.457
-4.519
-4.416
-4.405
-4.405
-4.385
-4.436
-4.488
-4.540
-4.540
-4.499
-4.467
-4.426
-4.333
-4.395
-4.374
-4.467
-4.436
-4.540
-4.530
-4.499
-4.416
-4.416
-4.509
-4.467
-4.395
-4.457
-4.457
-4.405
-4.467
-4.488
-4.540
-4.467
-4.426
-4.385
-4.405
-4.343
-4.167
-4.364
-4.405
-4.447
-4.530
-4.530
-4.540
-4.457
-4.416
-4.405
-4.395
-4.426
-4.426
-4.499
-4.374
-4.561
-4.499
-4.571
-4.561
-4.488
-4.436
-4.467
-4.509
-4.467
-4.519
-4.550
-4.592
-4.561
-4.488
-4.509
-4.467
-4.436
-4.509
-4.530
-4.467
-4.519
-4.581
-4.581
-4.322
-4.499
-4.436
-4.447
-4.447
-4.395
-4.499
-4.530
-4.540
-4.592
-4.644
-4.530
-4.530
-4.467
-4.343
-4.405
-4.436
-4.457
-4.488
-4.509
-4.612
-4.519
-4.478
-4.426
-4.209
-4.354
-4.374
-4.416
-4.416
-4.416
-4.436
-4.571
-4.478
-4.488
-4.312
-4.499
-4.354
-4.271
-4.343
-4.499
-4.395
-4.395
-4.447
-4.447
-4.395
-4.416
-4.364
-4.333
-4.322
-4.291
-4.395
-4.374
-4.581
-4.436
-4.478
-4.385
-4.395
-4.385
-4.343
-4.354
-4.385
-4.385
-4.405
-4.467
-4.540
-4.602
-4.499
-4.540
-4.374
-4.395
-4.457
-4.333
-4.426
-4.509
-4.416
-4.550
-4.343
-4.509
-4.447
-4.426
-4.333
-4.374
-4.354
-4.374
-4.499
-4.519
-4.302
-4.519
-4.478
-4.395
-4.499
-4.364
-4.364
-4.364
-4.364
-4.374
-4.395
-4.457
-4.478
-4.488
-4.467
-4.333
-4.374
-4.219
-4.364
-4.395
-4.354
-4.385
-4.426
-4.447
-4.633
-4.416
-4.343
-4.136
-4.354
-4.333
-4.281
-4.364
-4.364
-4.385
-4.426
-4.478
-4.426
-4.509
-4.322
-4.322
-4.240
-4.271
-4.322
-4.374
-4.374
-4.436
-4.478
-4.499
-4.385
-4.385
-4.322
-4.271
-4.405
-4.291
-4.354
-4.333
-4.395
-4.364
-4.395
-4.395
-4.395
-4.374
-4.322
-4.302
-4.302
-4.395
-4.447
-4.250
-4.405
-4.457
-4.291
-4.436
-4.405
-4.322
-4.291
-4.354
-4.354
-4.343
-4.333
-4.436
-4.447
-4.447
-4.436
-4.354
-4.343
-4.291
-4.281
-4.271
-4.281
-4.291
-4.364
-4.395
-4.447
-4.478
-4.322
-4.343
-4.291
-4.281
-4.250
-4.302
-4.322
-4.219
-4.343
-4.364
-4.385
-4.405
-4.354
-4.177
-4.281
-4.177
-4.250
-4.271
-4.322
-4.291
-4.343
-4.364
-4.385
-4.405
-4.322
-4.281
-4.281
-4.322
-4.271
-4.322
-4.374
-4.312
-4.354
-4.436
-4.395
-4.374
-4.291
-4.322
-4.271
-4.271
-4.240
-4.291
-4.395
-4.333
-4.416
-4.416
-4.374
-4.478
-4.291
-4.250
-4.271
-4.250
-4.302
-4.250
-4.271
-4.302
-4.354
-4.457
-4.374
-4.426
-4.343
-4.291
-4.198
-4.260
-4.405
-4.291
-4.385
-4.126
-4.374
-4.405
-4.405
-4.385
-4.333
-4.291
-4.271
-4.240
-4.302
-4.322
-4.364
-4.395
-4.550
-4.478
-4.322
-4.291
-4.333
-4.302
-4.312
-4.457
-4.416
-4.333
-4.364
-4.395
-4.416
-4.395
-4.322
-4.302
-4.343
-4.250
-4.012
-4.240
-4.322
-4.354
-4.354
-4.467
-4.374
-4.426
-4.312
-4.312
-4.250
-4.250
-4.229
-4.302
-4.022
-4.302
-4.385
-4.467
-4.395
-4.354
-4.312
-4.281
-4.354
-4.291
-4.333
-4.281
-4.333
-4.385
-4.364
-4.416
-4.405
-4.084
-4.322
-4.281
-4.250
-4.436
-4.291
-4.291
-4.364
-4.467
-4.405
-4.457
-4.374
-4.291
-4.333
-4.271
-4.084
-4.260
-4.291
-4.291
-4.374
-4.364
-4.519
-4.467
-4.343
-4.333
-4.260
-4.322
-4.271
-4.219
-4.229
-4.416
-4.374
-4.405
-4.374
-4.395
-4.312
-4.436
-4.436
-4.198
-4.260
-4.209
-4.188
-4.312
-4.240
-4.291
-4.281
-4.374
-4.260
-4.291
-4.219
-4.177
-4.271
-4.260
-4.188
-4.291
-4.271
-4.281
-4.343
-4.302
-4.250
-4.281
-4.105
-4.198
-4.198
-4.074
-4.167
-4.105
-4.053
-4.240
-4.281
-4.416
-4.302
-4.167
-4.146
-4.105
-4.105
-4.095
-4.084
-3.950
-4.095
-4.105
-4.126
-4.053
-4.229
-4.198
-4.157
-4.126
-4.043
-4.053
-4.012
-4.053
-4.032
-4.053
-4.043
-4.043
-4.136
-4.146
-4.146
-4.167
-4.053
-4.064
-4.012
-3.939
-3.991
-3.991
-4.012
-3.919
-4.064
-4.064
-4.012
-4.012
-4.136
-4.084
-4.115
-4.064
-4.012
-3.970
-3.939
-3.981
-3.950
-3.991
-3.898
-4.012
-4.115
-4.032
-4.095
-4.126
-4.146
-4.053
-4.043
-4.032
-3.898
-4.012
-3.908
-3.929
-4.115
-3.939
-4.095
-4.105
-4.084
-4.177
-4.074
-4.115
-4.032
-4.022
-4.064
-3.970
-4.032
-3.763
-4.053
-4.032
-4.095
-4.146
-4.167
-4.188
-4.229
-4.064
-4.032
-4.095
-4.012
-4.043
-4.074
-4.043
-4.053
-4.126
-4.157
-4.177
-4.312
-4.209
-4.167
-4.188
-3.970
-4.126
-4.084
-4.032
-4.136
-4.115
-4.074
-4.115
-4.157
-4.229
-4.219
-4.312
-4.136
-4.105
-4.126
-4.043
-4.074
-4.053
-4.074
-4.084
-4.095
-4.167
-4.167
-4.250
-4.136
-4.364
-4.177
-4.115
-4.126
-4.157
-4.209
-4.022
-4.095
-4.229
-4.281
-4.146
-4.322
-4.281
-4.271
-4.229
-4.219
-4.167
-4.136
-4.219
-4.198
-4.333
-4.001
-4.271
-4.302
-4.322
-4.364
-4.240
-4.240
-4.219
-4.198
-4.188
-4.198
-4.188
-4.250
-4.219
-4.322
-4.333
-4.291
-4.250
-4.084
-4.250
-4.136
-4.115
-4.219
-4.167
-4.198
-4.260
-4.229
-4.322
-4.457
-4.333
-4.198
-4.281
-4.188
-4.136
-4.240
-4.115
-4.229
-4.271
-4.343
-4.322
-4.354
-4.333
-4.333
-4.343
-4.229
-4.167
-4.240
-4.250
-4.229
-4.271
-4.343
-4.374
-4.416
-4.333
-4.302
-4.302
-4.260
-4.271
-4.209
-4.250
-4.302
-4.333
-4.354
-4.426
-4.395
-4.405
-4.354
-4.271
-4.302
-4.250
-4.260
-4.302
-4.115
-4.250
-4.405
-4.457
-4.426
-4.354
-4.426
-4.302
-4.115
-4.333
-4.188
-4.333
-4.354
-4.374
-4.478
-4.447
-4.478
-4.385
-4.126
-4.343
-4.281
-4.240
-4.395
-4.364
-4.416
-4.405
-4.519
-4.447
-4.416
-4.364
-4.343
-4.333
-4.364
-4.322
-4.343
-4.416
-4.416
-4.509
-4.467
-4.447
-4.395
-4.405
-4.271
-4.322
-4.385
-4.322
-4.405
-4.447
-4.467
-4.499
-4.457
-4.436
-4.374
-4.333
-4.343
-4.333
-4.364
-4.364
-4.405
-4.405
-4.509
-4.416
-4.426
-4.374
-4.322
-4.291
-4.447
-4.343
-4.364
-4.416
-4.447
-4.509
-4.457
-4.426
-4.354
-4.385
-4.385
-4.271
-4.364
-4.436
-4.364
-4.436
-4.478
-4.509
-4.457
-4.322
-4.416
-4.354
-4.322
-4.343
-4.509
-4.364
-4.426
-4.478
-4.509
-4.126
-4.405
-4.364
-4.374
-4.302
-4.354
-4.312
-4.416
-4.405
-4.467
-4.530
-4.416
-4.405
-4.405
-4.395
-4.364
-4.333
-4.416
-4.436
-4.416
-4.436
-4.540
-4.488
-4.426
-4.395
-4.302
-4.291
-4.312
-4.364
-4.395
-4.436
-4.405
-4.416
-4.416
-4.416
-4.416
-4.354
-4.322
-4.333
-4.322
-4.343
-4.457
-4.467
-4.478
-4.447
-4.488
-4.395
-4.385
-4.364
-4.343
-4.177
-4.333
-4.374
-4.478
-4.540
-4.509
-4.499
-4.395
-4.405
-4.364
-4.312
-4.343
-4.364
-4.385
-4.385
-4.530
-4.436
-4.426
-4.436
-4.219
-4.302
-4.322
-4.302
-4.322
-4.385
-4.509
-4.395
-4.416
-4.416
-4.354
-4.374
-4.281
-4.250
-4.291
-4.219
-4.219
-4.291
-4.281
-4.343
-4.374
-4.426
-4.291
-4.291
-4.260
-4.219
-4.229
-4.219
-4.229
-4.250
-4.012
-4.333
-4.291
-4.457
-4.291
-4.271
-4.240
-4.177
-4.209
-4.209
-4.167
-4.209
-4.219
-4.250
-4.260
-4.240
-4.219
-4.354
-4.240
-4.126
-4.115
-4.095
-4.146
-4.177
-4.177
-4.157
-4.271
-4.240
-4.271
-4.343
-4.229
-4.157
-4.209
-4.188
-4.105
-4.084
-4.105
-4.188
-4.209
-4.209
-4.416
-4.312
-4.291
-4.219
-4.385
-4.219
-4.136
-4.229
-4.095
-4.229
-4.240
-4.250
-4.281
-4.322
-4.312
-4.260
-4.250
-4.188
-4.198
-4.157
-4.177
-4.146
-4.271
-4.281
-4.281
-4.333
-4.312
-4.312
-4.260
-3.960
-4.219
-4.157
-4.177
-4.198
-4.302
-4.188
-4.250
-4.302
-4.333
-4.385
-4.229
-4.281
-4.167
-4.177
-4.167
-4.219
-4.229
-4.271
-4.540
-4.115
-4.354
-4.281
-4.291
-4.291
-4.250
-4.240
-4.250
-4.188
-4.229
-4.260
-4.322
-4.395
-4.395
-4.395
-4.312
-4.302
-4.281
-4.436
-4.250
-4.302
-4.333
-4.312
-4.374
-4.385
-4.457
-4.426
-4.354
-4.322
-4.343
-4.260
-4.302
-4.281
-4.385
-4.374
-4.405
-4.457
-4.426
-4.354
-4.343
-4.374
-4.291
-4.333
-4.333
-4.167
-4.426
-4.354
-4.488
-4.499
-4.385
-4.312
-4.084
-4.333
-4.302
-4.291
-4.291
-4.374
-4.436
-4.426
-4.416
-4.488
-4.499
-4.364
-4.312
-4.333
-4.354
-4.302
-4.157
-4.322
-4.343
-4.395
-4.436
-4.374
-4.478
-4.333
-4.250
-4.312
-4.240
-4.281
-4.271
-4.354
-4.343
-4.260
-4.354
-4.291
-4.291
-4.219
-4.219
-4.126
-4.146
-4.146
-4.240
-4.302
-4.115
-4.260
-4.260
-4.291
-4.167
-4.126
-4.074
-4.126
-4.064
-4.115
-4.260
-4.012
-4.043
-4.115
-3.887
-4.146
-4.136
-4.146
-4.157
-4.064
-4.043
-4.022
-4.167
-4.022
-3.991
-4.188
-4.136
-4.095
-4.136
-4.188
-4.229
-4.126
-4.105
-4.126
-4.074
-4.064
-4.053
-4.084
-4.074
-4.302
-4.157
-4.198
-4.219
-4.219
-4.260
-4.095
-4.115
-4.084
-4.064
-4.074
-4.126
-4.115
-4.105
-4.198
-3.991
-4.146
-4.240
-4.167
-4.167
-4.146
-4.043
-4.157
-4.084
-4.022
-4.084
-4.084
-4.115
-4.177
-4.146
-4.167
-4.177
-4.198
-4.219
-4.146
-4.115
-4.229
-4.012
-4.084
-4.136
-4.188
-4.157
-4.188
-4.240
-4.271
-4.333
-4.250
-4.177
-4.209
-4.198
-4.136
-4.146
-4.260
-4.250
-4.250
-4.250
-4.250
-4.302
-4.281
-4.188
-4.167
-4.219
-4.177
-4.229
-4.250
-4.167
-4.250
-4.271
-4.312
-4.333
-4.322
-4.271
-4.250
-4.281
-4.219
-4.209
-4.240
-4.229
-4.312
-4.343
-4.343
-4.343
-4.385
-4.291
-4.281
-4.240
-4.240
-4.229
-4.240
-4.281
-4.209
-4.322
-4.312
-4.385
-4.312
-4.291
-4.302
-4.250
-4.260
-4.240
-4.240
-4.250
-4.271
-4.322
-4.405
-4.385
-4.374
-4.374
-4.333
-4.229
-4.271
-4.271
-4.260
-4.312
-4.271
-4.354
-4.395
-4.436
-4.364
-4.209
-4.229
-4.209
-4.291
-4.115
-4.240
-4.291
-4.322
-4.312
-4.343
-4.488
-4.374
-4.322
-4.302
-4.229
-4.291
-4.260
-4.219
-4.271
-4.385
-4.405
-4.405
-4.571
-4.354
-4.209
-4.343
-4.271
-4.291
-4.281
-4.302
-4.343
-4.395
-4.426
-4.478
-4.436
-4.374
-4.291
-4.177
-4.302
-4.281
-4.281
-4.291
-4.333
-4.374
-4.343
-4.374
-4.416
-4.333
-4.322
-4.291
-4.209
-4.312
-4.291
-4.271
-4.343
-4.271
-4.416
-4.447
-4.291
-4.364
-4.395
-4.312
-4.281
-4.322
-4.333
-4.354
-4.385
-4.488
-4.416
-4.426
-4.385
-4.302
-4.333
-4.302
-4.333
-4.364
-4.302
-4.229
-4.343
-4.374
-4.499
-4.467
-4.405
-4.333
-4.271
-4.302
-4.312
-4.322
-4.343
-4.385
-4.488
-4.395
-4.426
-4.302
-4.291
-4.322
-4.229
-4.291
-4.333
-4.312
-4.354
-4.374
-4.436
-4.426
-4.405
-4.395
-4.291
-4.322
-4.198
-4.240
-4.302
-4.354
-4.302
-4.426
-4.499
-4.416
-4.385
-4.343
-4.291
-4.312
-4.281
-4.260
-4.219
-4.291
-4.354
-4.385
-4.457
-4.447
-4.343
-4.354
-4.281
-4.291
-4.281
-4.281
-4.312
-4.385
-4.385
-4.447
-4.467
-4.354
-4.312
-4.291
-4.291
-4.260
-4.271
-4.291
-4.322
-4.354
-4.364
-4.395
-4.343
-4.385
-4.312
-4.271
-4.354
-4.291
-4.260
-4.354
-4.322
-4.374
-4.385
-4.436
-4.395
-4.302
-4.271
-4.291
-4.271
-4.260
-4.260
-4.302
-4.354
-4.385
-4.405
-4.457
-4.354
-4.343
-4.281
-4.281
-4.281
-4.229
-4.240
-4.405
-4.312
-4.322
-4.426
-4.436
-4.333
-4.281
-4.260
-4.250
-4.291
-4.291
-4.302
-4.322
-4.416
-4.405
-4.467
-4.354
-4.271
-4.302
-4.260
-4.281
-4.291
-4.250
-4.333
-4.354
-4.385
-4.405
-4.436
-4.374
-4.250
-4.385
-4.032
-4.209
-4.302
-4.291
-4.322
-4.416
-4.374
-4.436
-4.395
-4.385
-4.385
-4.281
-4.053
-4.260
-4.219
-4.250
-4.322
-4.229
-4.302
-4.385
-4.405
-4.333
-4.291
-4.281
-4.271
-4.260
-4.198
-4.312
-4.374
-4.364
-4.426
-4.374
-4.374
-4.467
-4.291
-4.250
-4.281
-4.281
-4.177
-4.333
-4.312
-4.416
-4.343
-4.447
-4.374
-4.322
-4.322
-4.271
-4.209
-4.229
-4.291
-4.302
-4.385
-4.395
-4.416
-4.457
-4.374
-4.354
-4.291
-4.291
-4.229
-4.240
-4.271
-4.364
-4.364
-4.364
-4.374
-4.374
-4.333
-4.291
-4.219
-4.385
-4.405
-4.209
-4.260
-4.240
-4.302
-4.385
-4.385
-4.488
-4.322
-4.312
-4.126
-4.250
-4.260
-4.271
-4.291
-4.281
-4.436
-4.416
-4.395
-4.374
-4.374
-4.271
-4.322
-4.354
-4.312
-4.364
-4.395
-4.426
-4.447
-4.447
-4.457
-4.333
-4.395
-4.374
-4.436
-4.312
-4.374
-4.385
-4.416
-4.436
-4.602
-4.457
-4.426
-4.281
-4.343
-4.354
-4.333
-4.385
-4.395
-4.416
-4.426
-4.488
-4.509
-4.416
-4.405
-4.343
-4.333
-4.302
-4.385
-4.333
-4.426
-4.416
-4.436
-4.488
-4.447
-4.354
-4.302
-4.343
-4.354
-4.291
-4.333
-4.354
-4.405
-4.457
-4.457
-4.488
-4.343
-4.385
-4.343
-4.312
-4.291
-4.374
-4.343
-4.374
-4.385
-4.478
-4.436
-4.416
-4.374
-4.447
-4.354
-4.260
-4.271
-4.364
-4.364
-4.405
-4.436
-4.447
-4.550
-4.426
-4.385
-4.385
-4.364
-4.385
-4.416
-4.405
-4.447
-4.467
-4.540
-4.488
-4.467
-4.467
-4.364
-4.374
-4.395
-4.395
-4.426
-4.478
-4.519
-4.530
-4.467
-4.436
-4.354
-4.343
-4.354
-4.322
-4.354
-4.395
-4.395
-4.457
-4.488
-4.447
-4.385
-4.333
-4.281
-4.343
-4.322
-4.364
-4.374
-4.385
-4.354
-4.571
-4.488
-4.405
-4.395
-4.322
-4.312
-4.333
-4.333
-4.374
-4.312
-4.416
-4.509
-4.561
-4.488
-4.385
-4.364
-4.354
-4.364
-4.354
-4.385
-4.385
-4.488
-4.457
-4.478
-4.550
-4.385
-4.343
-4.333
-4.343
-4.405
-4.343
-4.416
-4.426
-4.478
-4.478
-4.509
-4.416
-4.395
-4.291
-4.405
-4.405
-4.364
-4.260
-4.426
-4.426
-4.467
-4.447
-4.416
-4.354
-4.322
-4.343
-4.333
-4.364
-4.322
-4.426
-4.385
-4.457
-4.447
-4.447
-4.312
-4.322
-4.343
-4.312
-4.333
-4.405
-4.416
-4.395
-4.499
-4.447
-4.467
-4.374
-4.405
-4.343
-4.395
-4.333
-4.374
-4.426
-4.260
-4.478
-4.478
-4.488
-4.416
-4.395
-4.354
-4.343
-4.364
-4.395
-4.416
-4.405
-4.478
-4.478
-4.447
-4.447
-4.364
-4.136
-4.333
-4.374
-4.405
-4.333
-4.281
-4.499
-4.488
