-7.046
-6.901
-6.891
-6.943
-6.984
-7.036
-6.860
-6.901
-7.026
-7.067
-6.932
-6.901
-7.036
-7.026
-7.005
-6.901
-6.994
-6.849
-7.150
-6.974
-6.943
-7.026
-7.067
-7.036
-6.963
-7.108
-7.088
-7.098
-6.984
-7.015
-6.994
-7.139
-7.057
-6.984
-7.015
-7.119
-7.077
-6.963
-7.026
-7.026
-7.139
-7.015
-6.974
-7.026
-7.233
-7.057
-6.974
-7.036
-7.129
-7.160
-7.015
-6.974
-7.057
-7.129
-7.046
-6.963
-6.994
-7.088
-7.077
-7.005
-7.015
-7.139
-7.253
-7.098
-7.098
-7.026
-7.170
-7.119
-6.953
-7.077
-7.170
-7.170
-7.077
-7.088
-7.139
-7.253
-7.098
-7.108
-7.181
-7.347
-7.191
-7.160
-7.181
-7.295
-7.119
-7.139
-7.202
-7.295
-7.264
-7.212
-7.212
-7.274
-7.243
-7.243
-7.253
-7.284
-7.315
-7.253
-7.212
-7.284
-7.378
-7.243
-7.222
-7.419
-7.409
-7.274
-7.233
-7.274
-7.419
-7.315
-7.233
-7.295
-7.419
-7.315
-7.233
-7.274
-7.367
-7.315
-7.243
-7.284
-7.429
-7.378
-7.305
-7.315
-7.378
-7.295
-7.274
-7.274
-7.295
-7.357
-7.295
-7.202
-7.284
-7.336
-7.233
-7.191
-7.150
-7.398
-7.233
-7.202
-7.160
-7.326
-7.315
-6.943
-7.170
-7.274
-7.274
-7.181
-7.419
-7.222
-7.129
-7.222
-7.202
-7.274
-7.326
-7.243
-7.181
-7.253
-7.315
-7.233
-7.170
-7.212
-7.295
-7.253
-7.150
-7.243
-7.170
-7.347
-7.170
-7.315
-7.326
-7.378
-7.233
-7.202
-7.119
-7.305
-7.129
-7.160
-7.253
-7.284
-7.191
-7.139
-6.963
-7.264
-7.388
-7.181
-7.067
-7.243
-7.253
-7.160
-7.139
-7.243
-7.305
-7.088
-7.067
-7.233
-7.264
-7.181
-6.881
-7.202
-7.336
-7.212
-7.150
-7.202
-7.295
-7.295
-7.191
-7.191
-7.233
-7.274
-7.212
-7.170
-7.264
-7.315
-7.191
-7.170
-7.253
-7.378
-7.243
-7.191
-7.274
-7.357
-7.378
-7.129
-7.222
-7.367
-7.274
-7.284
-7.243
-7.295
-7.264
-7.160
-7.191
-7.305
-7.315
-7.202
-7.191
-7.274
-7.367
-6.974
-7.191
-7.274
-7.357
-6.984
-7.129
-7.212
-7.284
-7.181
-7.129
-7.170
-7.243
-7.202
-7.160
-7.150
-7.191
-7.264
-7.160
-7.202
-7.191
-7.191
-7.181
-7.077
-7.088
-7.243
-7.170
-7.046
-7.119
-7.295
-7.181
-7.119
-7.160
-7.181
-7.336
-7.098
-7.088
-7.139
-7.326
-7.150
-7.150
-7.222
-7.315
-7.253
-7.233
-7.243
-7.295
-7.243
-7.139
-7.181
-7.274
-7.274
-7.253
-7.160
-7.139
-7.367
-7.274
-7.253
-7.305
-7.429
-7.253
-7.336
-7.305
-7.440
-7.264
-7.243
-7.326
-7.564
-7.326
-7.284
-7.347
-7.471
-7.378
-7.315
-7.440
-7.492
-7.326
-7.326
-7.378
-7.564
-7.398
-7.398
-7.440
-7.554
-7.336
-7.419
-7.450
-7.585
-7.471
-7.326
-7.512
-7.585
-7.419
-7.398
-7.378
-7.574
-7.626
-7.429
-7.429
-7.647
-7.450
-7.523
-7.481
-7.595
-7.492
-7.409
-7.471
-7.523
-7.450
-7.378
-7.295
-7.574
-7.481
-7.129
-7.512
-7.523
-7.429
-7.398
-7.471
-7.554
-7.409
-7.388
-7.460
-7.543
-7.378
-7.398
-7.523
-7.554
-7.409
-7.170
-7.419
-7.492
-7.378
-7.347
-7.409
-7.460
-7.543
-7.295
-7.357
-7.409
-7.347
-7.326
-7.347
-7.429
-7.326
-7.264
-7.274
-7.378
-7.191
-7.253
-7.253
-7.295
-7.067
-7.170
-7.181
-7.274
-7.398
-7.253
-7.233
-7.284
-7.367
-7.160
-7.222
-7.429
-7.440
-7.264
-7.326
-7.284
-7.367
-7.274
-7.243
-7.222
-7.409
-7.326
-7.284
-7.284
-7.502
-7.336
-7.388
-7.170
-7.347
-7.336
-7.202
-7.264
-7.264
-7.367
-7.264
-7.233
-7.357
-7.429
-7.202
-7.202
-7.284
-7.315
-7.212
-7.170
-7.222
-7.315
-7.233
-7.119
-7.222
-7.305
-7.222
-7.181
-7.150
-7.233
-7.233
-7.129
-7.108
-7.243
-7.222
-7.119
-7.098
-7.150
-7.253
-7.170
-7.181
-7.088
-7.233
-7.170
-7.098
-7.108
-7.170
-7.253
-7.026
-7.160
-7.212
-7.305
-7.139
-7.139
-7.119
-7.222
-7.108
-7.088
-7.098
-7.191
-7.046
-7.077
-7.098
-7.139
-7.212
-7.150
-7.088
-7.108
-7.212
-7.160
-7.057
-6.953
-7.181
-7.150
-7.057
-7.057
-7.150
-7.253
-7.057
-6.901
-7.181
-7.202
-7.088
-7.077
-7.119
-7.139
-7.129
-7.057
-7.046
-7.108
-7.170
-6.953
-6.963
-7.098
-7.357
-7.036
-6.984
-7.026
-7.191
-7.098
-6.994
-7.057
-7.046
-7.160
-7.057
-7.026
-6.901
-7.057
-7.098
-6.974
-7.005
-7.108
-7.119
-6.818
-7.088
-7.098
-7.212
-7.005
-6.870
-7.098
-7.326
-7.222
-7.015
-6.901
-7.129
-7.098
-7.036
-7.036
-7.150
-7.212
-7.057
-6.943
-7.077
-7.181
-7.108
-7.015
-7.005
-7.160
-7.170
-6.953
-7.057
-7.129
-7.170
-7.139
-7.026
-7.108
-7.202
-7.160
-7.015
-7.026
-7.150
-7.119
-7.036
-7.036
-7.098
-7.233
-7.067
-7.057
-7.139
-7.129
-7.098
-7.119
-7.005
-7.170
-7.150
-7.015
-7.015
-7.202
-7.284
-6.974
-7.088
-7.026
-7.243
-7.119
-7.036
-7.088
-7.170
-7.088
-7.036
-7.057
-7.129
-7.005
-7.129
-7.067
-7.129
-7.222
-7.077
-7.067
-7.057
-7.139
-7.160
-7.057
-6.860
-7.036
-7.181
-7.036
-7.129
-7.129
-7.202
-7.067
-7.098
-7.057
-7.181
-7.181
-6.943
-6.984
-7.098
-7.150
-7.036
-7.005
-6.922
-7.181
-7.026
-6.943
-7.026
-7.067
-7.108
-6.932
-6.984
-7.088
-7.098
-6.984
-6.974
-6.994
-7.108
-7.057
-6.922
-7.005
-7.160
-7.088
-6.715
-6.974
-7.015
-7.057
-7.005
-6.922
-6.943
-7.202
-7.067
-6.787
-6.953
-6.943
-7.067
-6.932
-6.891
-6.984
-7.046
-7.088
-6.881
-6.963
-7.046
-7.015
-7.046
-6.798
-6.922
-7.036
-6.974
-6.912
-6.943
-6.984
-7.129
-6.922
-6.943
-6.912
-7.046
-7.005
-7.005
-6.881
-7.046
-7.015
-6.798
-6.922
-6.901
-6.984
-7.026
-6.849
-6.891
-6.984
-6.984
-6.901
-6.704
-6.943
-6.974
-6.891
-6.881
-6.591
-6.984
-7.046
-6.922
-6.953
-6.943
-7.077
-6.984
-6.881
-6.984
-7.170
-7.026
-6.901
-6.912
-6.984
-7.046
-7.036
-6.891
-6.994
-6.984
-7.005
-6.891
-6.912
-6.922
-7.077
-6.984
-6.901
-6.901
-7.005
-7.160
-6.912
-6.849
-6.829
-7.077
-6.901
-6.829
-6.901
-7.005
-7.088
-6.943
-6.881
-6.943
-7.015
-6.922
-6.870
-6.891
-6.953
-7.046
-6.912
-6.829
-6.963
-7.015
-6.932
-6.808
-6.829
-6.963
-7.026
-6.694
-6.808
-7.150
-7.036
-6.932
-6.953
-6.943
-7.046
-7.108
-6.984
-7.005
-6.798
-7.088
-6.932
-6.963
-6.953
-7.088
-7.067
-6.922
-6.994
-7.067
-7.046
-7.005
-6.974
-7.005
-7.088
-7.015
-6.963
-6.922
-7.077
-7.036
-6.963
-6.994
-6.974
-7.046
-6.974
-6.932
-6.922
-6.974
-6.984
-6.881
-6.901
-6.963
-6.984
-6.932
-6.746
-6.881
-6.891
-6.984
-6.860
-6.808
-6.829
-6.943
-6.922
-6.787
-6.839
-6.943
-6.984
-6.901
-6.818
-6.901
-6.943
-6.922
-6.881
-6.891
-7.067
-6.663
-6.891
-6.891
-6.881
-6.912
-6.994
-6.891
-6.849
-6.881
-7.057
-6.839
-6.881
-6.891
-6.818
-7.015
-6.829
-6.849
-6.953
-7.119
-6.870
-6.932
-7.036
-7.015
-7.005
-6.922
-6.611
-6.994
-7.026
-6.974
-6.932
-6.891
-7.088
-7.057
-6.922
-6.891
-7.046
-7.057
-6.984
-6.922
-6.953
-6.994
-7.046
-6.808
-6.984
-7.098
-7.077
-7.026
-7.026
-7.108
-7.233
-6.953
-7.057
-7.077
-6.943
-7.108
-7.160
-7.108
-7.139
-6.912
-7.077
-6.963
-7.150
-7.295
-7.119
-7.119
-7.139
-7.233
-7.233
-7.160
-7.139
-7.336
-7.170
-7.212
-7.015
-7.191
-7.274
-7.119
-7.088
-7.170
-7.295
-7.150
-7.067
-7.181
-7.243
-7.233
-7.202
-7.088
-7.202
-7.129
-7.067
-7.067
-7.129
-7.202
-7.098
-7.119
-7.057
-7.150
-7.119
-7.015
-7.088
-7.150
-7.139
-7.015
-6.963
-7.191
-7.119
-7.088
-7.005
-7.046
-7.202
-7.036
-7.005
-7.057
-7.108
-7.150
-7.108
-7.057
-7.098
-7.077
-7.088
-7.015
-7.119
-7.139
-7.057
-7.057
-7.026
-7.160
-7.098
-7.026
-7.181
-7.139
-7.191
-7.088
-7.046
-7.015
-7.222
-7.119
-7.026
-7.036
-7.067
-7.150
-7.057
-6.984
-7.077
-6.984
-7.077
-7.036
-7.139
-7.202
-7.057
-7.015
-6.953
-7.129
-7.088
-7.067
-7.067
-7.129
-7.160
-7.067
-6.849
-7.119
-7.150
-7.077
-6.994
-7.026
-7.129
-7.098
-7.005
-6.922
-7.067
-7.160
-7.067
-6.963
-7.067
-7.170
-7.036
-6.963
-6.974
-7.119
-7.139
-6.994
-6.881
-7.026
-7.170
-7.046
-7.005
-7.077
-7.108
-7.088
-7.005
-6.994
-7.129
-7.129
-7.026
-7.067
-7.046
-7.150
-7.015
-7.036
-7.026
-7.181
-7.160
-7.005
-7.036
-7.160
-7.222
-7.067
-7.046
-7.108
-7.108
-7.057
-7.077
-7.119
-7.222
-7.202
-7.160
-7.129
-7.191
-7.170
-7.005
-7.160
-7.129
-7.233
-7.170
-7.139
-7.139
-7.212
-7.139
-7.098
-7.108
-7.170
-7.150
-7.077
-7.160
-7.181
-7.243
-7.046
-7.036
-7.170
-7.191
-7.119
-7.067
-6.994
-7.243
-7.015
-7.088
-7.108
-7.233
-7.160
-7.139
-7.108
-7.202
-7.160
-7.077
-7.108
-7.212
-7.326
-7.129
-7.067
-7.108
-7.015
-7.129
-7.170
-7.046
-7.202
-7.160
-7.129
-7.119
-7.150
-7.202
-7.077
-7.036
-7.129
-7.202
-7.170
-7.098
-7.098
-7.160
-7.170
-7.015
-7.057
-7.202
-7.233
-7.067
-7.088
-7.098
-7.191
-7.129
-7.036
-7.170
-7.253
-7.119
-7.098
-7.181
-7.202
-7.222
-7.057
-7.067
-7.212
-7.212
-7.098
-7.036
-7.150
-7.202
-7.170
-7.098
-7.088
-7.191
-7.119
-7.026
-7.067
-7.139
-7.160
-7.098
-6.974
-7.098
-7.212
-7.129
-7.015
-7.057
-7.191
-7.088
-7.077
-7.036
-7.057
-7.202
-7.005
-6.984
-7.015
-7.150
-7.067
-6.984
-7.067
-7.067
-7.088
-7.026
-6.943
-6.922
-7.264
-7.077
-6.984
-7.057
-7.129
-7.067
-6.963
-7.005
-7.108
-7.139
-6.798
-6.860
-7.026
-7.129
-7.046
-7.026
-7.046
-7.067
-7.088
-6.994
-6.974
-7.108
-7.129
-7.015
-7.005
-6.881
-7.077
-7.015
-6.943
-7.046
-7.129
-7.088
-7.005
-6.932
-7.057
-7.057
-7.026
-6.943
-6.974
-7.067
-7.119
-6.953
-6.912
-7.150
-7.088
-7.036
-6.870
-6.974
-7.098
-7.036
-6.963
-6.932
-6.974
-7.098
-6.974
-6.932
-6.974
-7.026
-7.057
-6.974
-6.881
-6.932
-7.181
-6.974
-6.932
-6.932
-7.036
-6.963
-6.932
-6.704
-7.036
-7.067
-6.994
-6.901
-6.974
-7.067
-7.098
-6.912
-6.994
-7.026
-7.077
-6.953
-6.943
-7.015
-7.077
-7.046
-6.994
-6.963
-7.108
-6.849
-6.963
-7.046
-7.005
-7.098
-7.036
-6.953
-7.046
-7.119
-7.067
-6.953
-7.181
-7.088
-7.108
-7.181
-6.932
-6.839
-7.160
-7.108
-6.912
-6.943
-7.119
-7.098
-7.015
-7.015
-7.057
-7.170
-7.067
-6.994
-7.108
-7.202
-7.098
-6.984
-7.046
-7.150
-7.077
-7.108
-7.005
-7.119
-7.305
-6.984
-7.057
-7.108
-7.181
-7.212
-7.098
-7.098
-7.202
-7.191
-7.139
-7.057
-7.181
-7.233
-7.108
-7.088
-7.108
-7.160
-7.150
-7.088
-7.160
-7.284
-7.129
-6.860
-7.098
-7.222
-7.243
-7.098
-7.108
-7.202
-7.264
-7.181
-7.222
-7.222
-7.253
-7.119
-7.170
-7.077
-7.274
-7.202
-7.088
-7.129
-7.222
-7.233
-7.170
-7.088
-7.222
-7.284
-7.108
-7.098
-7.222
-7.212
-7.119
-7.170
-7.119
-7.212
-7.212
-7.088
-7.129
-7.191
-7.253
-7.139
-7.098
-7.150
-7.512
-7.108
-7.026
-7.119
-7.222
-7.202
-7.150
-7.098
-7.264
-7.253
-7.098
-7.108
-7.191
-7.274
-7.150
-7.036
-7.119
-7.243
-7.160
-7.057
-7.129
-7.274
-7.191
-7.150
-7.139
-7.233
-7.202
-7.139
-7.057
-7.170
-7.150
-7.088
-7.202
-7.098
-7.202
-7.139
-7.026
-7.139
-7.243
-7.202
-7.119
-7.057
-7.191
-7.222
-7.077
-7.015
-7.108
-7.243
-6.922
-7.067
-7.088
-7.150
-7.202
-7.119
-7.108
-7.170
-7.181
-7.119
-7.129
-7.088
-7.253
-7.160
-7.191
-7.160
-7.326
-7.212
-7.139
-7.222
-7.284
-7.264
-7.202
-7.191
-7.357
-7.295
-7.222
-7.233
-7.253
-7.315
-7.202
-7.233
-7.295
-7.295
-7.233
-7.170
-7.253
-7.347
-7.243
-7.160
-7.284
-7.357
-7.191
-7.088
-7.191
-7.347
-7.274
-7.119
-7.243
-7.243
-7.295
-7.222
-6.891
-7.284
-7.274
-7.274
-7.181
-6.984
-7.274
-7.233
-7.005
-7.295
-7.347
-7.347
-7.222
-7.295
-7.398
-7.326
-7.326
-7.264
-7.212
-7.398
-7.305
-7.315
-7.585
-7.564
-7.357
-7.398
-7.471
-7.492
-7.429
-7.440
-7.502
-7.543
-7.367
-7.398
-7.543
-7.471
-7.367
-7.253
-7.533
-7.398
-7.398
-7.481
-7.554
-7.543
-7.409
-7.554
-7.564
-7.450
-7.378
-7.502
-7.574
-7.523
-7.460
-7.450
-7.554
-7.533
-7.492
-7.512
-7.616
-7.523
-7.460
-7.533
-7.782
-7.657
-7.512
-7.564
-7.616
-7.512
-7.502
-7.512
-7.605
-7.533
-7.481
-7.585
-7.637
-7.481
-7.492
-7.440
-7.605
-7.460
-7.481
-7.605
-7.626
-7.419
-7.440
-7.533
-7.554
-7.440
-7.440
-7.492
-7.502
-7.398
-7.502
-7.502
-7.357
-7.367
-7.315
-7.450
-7.502
-7.419
-7.388
-7.378
-7.460
-7.367
-7.305
-7.357
-7.481
-7.533
-7.274
-7.357
-7.471
-7.243
-7.326
-7.388
-7.450
-7.336
-7.264
-7.367
-7.450
-7.305
-7.305
-7.264
-7.326
-7.367
-7.253
-7.233
-7.357
-7.367
-7.212
-7.253
-7.357
-7.336
-7.233
-7.253
-7.274
-7.378
-7.202
-7.150
-7.264
-7.347
-7.212
-7.243
-7.212
-7.336
-7.191
-7.160
-7.202
-7.274
-7.222
-7.191
-7.233
-7.243
-7.233
-7.222
-7.222
-7.253
-7.378
-7.170
-7.160
-7.243
-7.295
-7.233
-7.170
-7.243
-7.315
-7.274
-7.150
-7.202
-7.191
-7.253
-7.264
-7.243
-7.274
-7.315
-7.212
-7.295
-7.347
-7.357
-7.212
-7.274
-7.367
-7.419
-7.284
-7.233
-7.274
-7.409
-7.222
-7.253
-7.274
-7.315
-7.284
-7.191
-7.253
-7.357
-7.264
-7.212
-7.274
-7.057
-7.243
-7.088
-7.191
-7.274
-7.284
-7.119
-7.129
-7.253
-7.274
-7.191
-7.170
-7.202
-7.284
-7.243
-6.901
-7.160
-7.315
-7.284
-7.150
-7.212
-7.347
-7.274
-7.202
-7.212
-7.315
-7.336
-7.243
-7.212
-7.284
-7.160
-7.274
-7.264
-7.378
-7.460
-7.264
-7.253
-7.419
-7.419
-7.357
-7.305
-7.181
-7.440
-7.347
-7.274
-7.378
-7.450
-7.295
-7.398
-7.460
-7.502
-7.336
-7.378
-7.492
-7.492
-7.357
-7.336
-7.409
-7.429
-7.295
-7.398
-7.347
-7.512
-7.429
-7.419
-7.347
-7.492
-7.315
-7.305
-7.336
-7.398
-7.347
-7.295
-7.253
-7.284
-7.347
-7.170
-7.315
-7.398
-7.388
-7.264
-7.139
-7.315
-7.409
-7.253
-7.295
-7.367
-7.429
-7.057
-7.098
-7.367
-7.388
-7.284
-7.222
-7.367
-7.450
-7.264
-7.295
-7.315
-7.429
-7.264
-7.264
-7.347
-7.398
-7.326
-7.243
-7.233
-7.357
-7.274
-7.305
-7.284
-7.326
-7.460
-7.202
-7.233
-7.326
-7.347
-7.243
-7.212
-7.243
-7.305
-7.202
-7.150
-7.212
-7.295
-7.264
-7.129
-7.170
-7.315
-7.202
-7.108
-7.170
-7.202
-7.264
-7.160
-7.098
-7.253
-7.264
-7.150
-7.098
-7.222
-7.274
-7.119
-7.098
-7.129
-7.222
-7.191
-7.108
-7.191
-7.191
-7.202
-7.129
-7.077
-7.222
-7.243
-7.191
-7.119
-7.150
-7.274
-7.139
-7.088
-7.160
-7.243
-7.233
-7.098
-7.119
-7.274
-7.284
-7.088
-7.098
-7.170
-7.243
-7.108
-7.088
-7.108
-7.222
-7.150
-7.098
-7.150
-7.181
-7.233
-7.160
-7.108
-7.119
-7.243
-7.088
-7.067
-7.119
-7.170
-6.963
-7.005
-7.067
-7.108
-7.139
-7.026
-6.994
-7.129
-7.160
-6.984
-7.015
-7.088
-7.160
-7.057
-7.026
-7.026
-7.108
-7.170
-6.974
-6.994
-7.077
-7.139
-7.036
-7.026
-7.026
-7.160
-7.098
-7.036
-7.046
-7.088
-7.191
-7.026
-7.036
-6.901
-7.191
-6.984
-6.994
-7.077
-7.170
-7.119
-7.088
-7.077
-7.160
-7.222
-7.098
-7.077
-7.160
-7.243
-7.108
-7.067
-7.077
-7.295
-7.181
-7.170
-7.170
-7.191
-7.191
-7.119
-7.098
-7.222
-7.212
-7.160
-7.119
-7.212
-7.274
-7.119
-7.233
-7.170
-7.336
-7.222
-7.160
-7.191
-7.284
-7.139
-7.243
-7.243
-7.347
-7.295
-7.274
-7.181
-7.253
-7.440
-7.315
-7.357
-7.253
-7.367
-7.202
-7.233
-7.336
-7.347
-7.378
-7.233
-7.057
-7.419
-7.274
-7.202
-7.367
-7.409
-7.274
-7.160
-7.253
-7.378
-7.315
-7.222
-7.264
-7.388
-7.315
-7.212
-7.243
-7.315
-7.284
-7.243
-7.264
-7.243
-7.398
-7.243
-7.253
-7.367
-7.367
-7.274
-7.243
-7.336
-7.388
-7.315
-7.243
-7.274
-7.409
-7.274
-7.274
-7.274
-7.357
-7.284
-7.253
-7.284
-7.398
-7.336
-7.243
-7.326
-7.440
-7.326
-7.264
-7.119
-7.274
-7.347
-7.315
-7.212
-7.326
-7.305
-7.264
-7.233
-7.274
-7.202
-7.212
-7.202
-7.160
-7.378
-7.315
-7.170
-7.233
-7.326
-7.222
-7.191
-7.191
-7.284
-7.295
-7.305
-7.264
-7.315
-7.274
-7.191
-7.233
-7.315
-7.367
-7.191
-7.181
-7.264
-7.378
-7.253
-7.233
-7.253
-7.367
-7.315
-7.253
-7.253
-7.440
-7.336
-7.305
-7.326
-7.388
-7.419
-7.284
-7.347
-7.450
-7.419
-7.336
-7.357
-7.450
-7.460
-7.398
-7.378
-7.554
-7.460
-7.305
-7.088
-7.274
-7.492
-7.419
-7.398
-7.471
-7.523
-7.398
-7.398
-7.512
-7.481
-7.440
-7.378
-7.471
-7.450
-7.367
-7.492
-7.574
-7.543
-7.419
-7.460
-7.533
-7.533
-7.429
-7.492
-7.564
-7.595
-7.471
-7.409
-7.512
-7.564
-7.450
-7.533
-7.616
-7.543
-7.502
-7.554
-7.637
-7.523
-7.502
-7.605
-7.782
-7.533
-7.440
-7.564
-7.802
-7.460
-7.543
-7.523
-7.605
-7.512
-7.450
-7.533
-7.595
-7.512
-7.512
-7.564
-7.564
-7.419
-7.419
-7.523
-7.595
-7.502
-7.409
-7.492
-7.554
-7.450
-7.419
-7.460
-7.554
-7.471
-7.419
-7.512
-7.523
-7.450
-7.398
-7.429
-7.574
-7.398
-7.398
-7.450
-7.543
-7.388
-7.378
-7.450
-7.492
-7.378
-7.398
-7.471
-7.554
-7.378
-7.388
-7.471
-7.512
-7.398
-7.367
-7.440
-7.543
-7.388
-7.347
-7.409
-7.492
-7.367
-7.367
-7.274
-7.492
-7.388
-7.419
-7.409
-7.481
-7.481
-7.367
-7.388
-7.502
-7.284
-7.274
-7.398
-7.492
-7.326
-7.315
-7.429
-7.502
-7.398
-7.336
-7.336
-7.440
-7.378
-7.305
-7.347
-7.409
-7.284
-7.243
-7.284
-7.336
-7.398
-7.274
-7.284
-7.367
-7.388
-7.274
-7.326
-7.357
-7.378
-7.336
-7.005
-7.295
-7.450
-7.233
-7.233
-7.367
-7.409
-7.284
-7.326
-7.326
-7.429
-7.336
-7.284
-7.336
-7.460
-7.357
-7.233
-7.347
-7.409
-7.326
-7.274
-7.284
-7.419
-7.378
-7.284
-7.347
-7.378
-7.357
-7.264
-7.253
-7.315
-7.295
-7.222
-7.315
-7.305
-7.367
-7.181
-7.150
-7.274
-7.357
-7.202
-7.170
-7.222
-7.274
-7.191
-7.108
-7.160
-7.274
-7.233
-7.139
-7.139
-7.253
-7.191
-7.139
-7.098
-7.170
-7.253
-7.119
-7.077
-7.129
-7.077
-7.191
-7.046
-7.181
-7.222
-7.191
-7.139
-7.067
-7.170
-7.212
-7.108
-7.108
-7.129
-7.181
-7.088
-7.119
-7.181
-7.222
-7.181
-7.067
-7.067
-7.170
-7.129
-7.046
-7.036
-7.098
-7.191
-7.088
-7.036
-7.067
-7.284
-7.274
-6.963
-6.984
-7.057
-7.129
-7.046
-6.994
-6.943
-7.119
-7.057
-7.015
-7.046
-7.191
-7.057
-6.881
-7.015
-7.026
-7.098
-7.026
-6.953
-7.005
-7.067
-7.046
-6.984
-6.984
-7.057
-7.108
-7.036
-7.015
-7.057
-7.139
-7.036
-6.984
-7.046
-7.067
-7.108
-6.787
-7.119
-7.026
-7.170
-7.005
-6.974
-7.181
-7.119
-7.108
-7.026
-7.036
-7.098
-7.150
-6.953
-7.057
-7.088
-7.160
-7.077
-7.005
-7.057
-7.150
-7.108
-7.036
-7.077
-7.098
-7.191
-7.036
-6.943
-7.088
-7.202
-7.077
-6.974
-7.119
-7.212
-7.119
-7.067
-7.088
-7.222
-7.170
-7.057
-7.129
-7.202
-7.212
-6.849
-7.098
-7.098
-7.295
-7.160
-7.088
-7.108
-7.222
-7.181
-7.119
-7.119
-7.181
-7.243
-7.139
-7.108
-7.139
-7.139
-7.119
-7.026
-7.108
-7.233
-7.139
-7.088
-7.129
-7.212
-7.015
-7.026
-7.088
-7.160
-7.233
-7.067
-7.108
-7.139
-7.202
-7.119
-7.057
-7.088
-7.191
-7.139
-7.026
-7.108
-7.139
-7.170
-7.108
-7.067
-7.129
-7.264
-6.963
-7.046
-7.108
-7.191
-7.150
-7.088
-7.077
-7.139
-7.160
-7.181
-7.098
-7.202
-7.347
-7.088
-7.077
-7.108
-7.243
-7.139
-7.067
-7.108
-7.243
-7.170
-7.026
-7.098
-7.191
-7.284
-7.150
-6.963
-7.315
-7.233
-7.212
-7.098
-7.150
-7.243
-7.150
-7.108
-7.129
-7.202
-7.170
-7.067
-7.119
-7.170
-7.202
-7.233
-7.046
-7.119
-7.253
-7.119
-7.057
-7.108
-7.222
-7.170
-7.160
-7.129
-7.129
-7.222
-7.057
-7.067
-7.150
-7.181
-7.098
-7.046
-6.849
-7.191
-7.150
-7.067
-7.088
-7.139
-7.202
-7.015
-7.077
-7.108
-7.202
-7.212
-7.005
-7.098
-7.170
-6.953
-7.026
-7.046
-7.119
-7.170
-7.077
-7.046
-7.088
-7.160
-7.170
-6.994
-6.849
-7.119
-7.057
-6.974
-7.015
-7.108
-7.119
-6.984
-6.994
-7.046
-7.150
-7.005
-6.963
-6.932
-7.077
-7.046
-7.026
-7.108
-7.088
-7.139
-7.015
-6.984
-7.015
-7.160
-7.067
-7.046
-7.015
-7.150
-7.129
-6.984
-7.026
-6.922
-7.160
-7.036
-6.767
-6.963
-7.150
-7.067
-6.994
-7.026
-7.098
-7.160
-7.026
-6.974
-7.067
-7.129
-7.067
-7.005
-7.015
-7.108
-7.088
-7.005
-6.963
-7.108
-7.191
-7.026
-7.057
-7.088
-7.160
-7.119
-7.026
-7.026
-7.181
-7.150
-7.160
-7.057
-7.150
-7.181
-7.077
-7.057
-7.067
-7.170
-7.088
-7.026
-7.088
-7.191
-7.005
-7.057
-7.088
-7.181
-7.202
-7.098
-7.036
-7.150
-7.202
-7.077
-7.026
-7.046
-7.119
-7.098
-7.067
-7.015
-6.974
-7.150
-7.077
-6.994
-7.067
-7.129
-7.057
-7.005
-7.005
-7.108
-7.108
-7.015
-7.057
-7.057
-7.150
-7.026
-7.026
-7.057
-7.222
-7.077
-7.005
-7.046
-7.108
-7.088
-7.005
-7.026
-7.098
-7.170
-7.077
-7.026
-7.046
-7.026
-7.098
-6.767
-7.036
-7.150
-7.098
-6.963
-7.067
-7.077
-7.181
-6.994
-6.953
-7.026
-7.119
-7.108
-7.077
-7.005
-7.015
-7.150
-6.963
-7.036
-7.088
-7.181
-7.005
-6.994
-6.881
-7.139
-7.129
-7.015
-7.015
-7.057
-7.170
-7.057
-6.974
-7.077
-7.160
-7.026
-7.026
-7.057
-7.139
-7.160
-7.005
-7.005
-7.119
-7.170
-7.057
-7.046
-7.088
-7.170
-7.088
-7.015
-7.026
-7.150
-7.139
-7.046
-7.005
-7.077
-7.160
-6.849
-7.057
-6.881
-7.108
-7.088
-7.005
-7.057
-7.129
-7.139
-6.994
-6.984
-7.067
-7.191
-7.036
-7.015
-7.015
-7.119
-7.077
-7.015
-7.057
-7.108
-7.150
-7.026
-7.057
-7.057
-7.150
-7.046
-6.994
-7.015
-7.108
-7.088
-7.129
-7.015
-7.108
-7.129
-7.015
-6.963
-7.077
-7.160
-7.067
-6.943
-7.015
-7.077
-7.057
-6.974
-6.974
-7.046
-7.108
-6.994
-7.005
-7.067
-7.077
-7.202
-6.984
-6.994
-7.046
-7.119
-6.963
-6.891
-7.005
-7.067
-7.005
-6.932
-6.943
-7.036
-7.067
-6.943
-6.787
-6.974
-7.088
-6.994
-6.901
-6.963
-7.026
-7.057
-6.943
-6.901
-7.077
-7.088
-6.953
-7.015
-7.036
-6.912
-6.963
-6.943
-6.994
-7.098
-7.181
-7.150
-7.005
-7.077
-7.160
-7.077
-7.005
-7.046
-7.150
-7.129
-7.026
-6.818
-7.129
-7.129
-7.088
-6.881
-7.119
-7.212
-6.891
-7.057
-7.129
-7.212
-7.160
-7.077
-7.129
-7.233
-7.202
-7.139
-7.077
-7.191
-7.253
-7.170
-7.108
-7.181
-7.305
-7.170
-7.139
-7.212
-7.284
-7.253
-7.233
-7.160
-7.284
-7.274
-7.098
-7.170
-7.326
-7.305
-7.202
-7.212
-7.295
-7.336
-7.222
-7.233
-7.284
-7.357
-7.336
-7.150
-7.253
-7.367
-7.233
-7.212
-7.222
-7.336
-7.398
-7.191
-7.222
-7.284
-7.264
-7.191
-7.160
-7.284
-7.305
-7.222
-7.191
-7.295
-7.326
-7.202
-7.202
-7.388
-7.367
-7.233
-7.212
-7.222
-7.326
-7.274
-7.253
-7.295
-7.367
-7.284
-7.305
-7.315
-7.388
-7.378
-7.274
-7.315
-7.419
-7.398
-7.274
-7.295
-7.398
-7.388
-7.305
-7.150
-7.471
-7.460
-7.347
-7.347
-7.460
-7.336
-7.347
-7.347
-7.440
-7.440
-7.388
-7.336
-7.409
-7.440
-7.367
-7.347
-7.440
-7.492
-7.378
-7.367
-7.450
-7.616
-7.150
-7.388
-7.450
-7.481
-7.409
-7.357
-7.543
-7.523
-7.398
-7.378
-7.481
-7.512
-7.388
-7.409
-7.460
-7.533
-7.388
-7.409
-7.471
-7.554
-7.388
-7.398
-7.471
-7.502
-7.367
-7.398
-7.440
-7.512
-7.388
-7.357
-7.440
-7.564
-7.378
-7.378
-7.481
-7.512
-7.388
-7.378
-7.378
-7.481
-7.378
-7.336
-7.409
-7.481
-7.367
-7.336
-7.378
-7.440
-7.336
-7.315
-7.336
-7.492
-7.367
-7.284
-7.305
-7.429
-7.336
-7.274
-7.305
-7.398
-7.284
-7.274
-7.243
-7.326
-7.378
-7.015
-7.253
-7.305
-7.336
-7.222
-7.243
-7.243
-7.367
-7.243
-7.315
-7.305
-7.357
-7.264
-7.160
-7.253
-7.378
-7.305
-7.191
-7.347
-7.315
-7.305
-7.191
-7.222
-7.315
-7.305
-7.222
-7.243
-7.315
-7.347
-7.202
-7.212
-7.264
-7.315
-7.222
-7.181
-7.253
-7.315
-7.284
-7.181
-7.222
-7.315
-7.233
-7.202
-7.202
-7.233
-7.191
-7.181
-7.139
-7.253
-7.274
-7.170
-7.119
-7.253
-7.284
-7.150
-7.160
-7.150
-7.305
-7.253
-7.150
-7.170
-7.264
-7.212
-7.119
-7.108
-7.181
-7.264
-7.119
-7.077
-7.264
-7.253
-7.129
-7.098
-7.119
-7.243
-7.191
-7.098
-7.067
-7.181
-7.212
-7.088
-7.046
-7.139
-7.222
-7.108
-7.088
-7.129
-7.243
-7.119
-6.829
-7.088
-7.191
-7.150
-7.088
-7.098
-7.139
-6.994
-7.129
-7.057
-7.129
-7.222
-7.191
-7.088
-7.067
-7.253
-7.212
-7.088
-7.129
-6.953
-7.202
-7.119
-7.046
-7.181
-7.253
-7.129
-7.098
-7.150
-7.274
-7.150
-7.119
-7.139
-7.243
-7.264
-7.119
-7.212
-7.202
-7.243
-7.119
-7.170
-7.150
-7.222
-7.150
-7.088
-7.026
-7.191
-7.150
-7.077
-7.088
-6.943
-7.108
-7.077
-7.057
-7.119
-7.202
-7.088
-7.046
-7.108
-7.202
-7.108
-7.057
-7.067
-7.150
-7.181
-7.077
-7.077
-7.129
-7.191
-7.098
-7.046
-7.129
-7.191
-7.098
-7.046
-7.098
-7.181
-7.170
-7.046
-7.067
-7.098
-7.181
-7.057
-7.036
-7.077
-7.191
-7.098
-7.005
-7.160
-7.108
-7.160
-7.026
-6.818
-7.108
-7.150
-7.108
-6.974
-7.036
-7.129
-7.170
-6.994
-7.036
-7.088
-7.046
-6.984
-6.984
-7.067
-6.984
-7.057
-6.994
-7.026
-7.129
-7.098
-7.005
-7.036
-7.119
-7.170
-7.057
-7.005
-7.098
-7.212
-7.243
-7.067
-7.088
-7.181
-7.170
-7.139
-7.088
-7.170
-7.202
-7.088
-7.077
-7.150
-7.212
-7.108
-7.077
-7.139
-7.212
-7.119
-7.067
-7.088
-7.160
-7.170
-7.067
-7.057
-7.139
-7.150
-7.077
-7.026
-7.191
-7.160
-7.088
-7.015
-7.036
-7.119
-7.119
-7.026
-7.036
-7.098
-7.170
-7.077
-7.005
-7.067
-7.129
-7.108
-7.015
-7.046
-7.150
-7.170
-7.077
-7.057
-7.129
-7.233
-7.098
-7.067
-7.139
-7.212
-7.160
-7.139
-7.119
-7.243
-7.295
-7.129
-7.129
-7.222
-7.243
-7.150
-7.139
-7.191
-7.274
-7.170
-7.181
-7.170
-7.284
-7.222
-7.108
-7.170
-7.284
-7.243
-7.170
-7.191
-7.274
-7.295
-7.170
-7.181
-7.274
-7.305
-7.212
-7.202
-7.274
-7.357
-7.222
-7.181
-7.233
-7.378
-7.233
-7.191
-7.253
-7.326
-7.274
-7.295
-7.253
-7.347
-7.326
-7.191
-7.253
-7.347
-7.336
-7.253
-7.253
-7.357
-7.429
-7.264
-7.243
-7.347
-7.388
-7.295
-7.253
-7.336
-7.398
-7.336
-7.264
-7.315
-7.450
-7.305
-7.274
-7.326
-7.398
-7.357
-7.305
-7.357
-7.440
-7.357
-7.274
-7.305
-7.419
-7.336
-7.274
-7.326
-7.409
-7.357
-7.295
-7.284
-7.388
-7.367
-7.264
-7.274
-7.367
-7.378
-7.274
-7.253
-7.357
-7.409
-7.274
-7.398
-7.336
-7.398
-7.326
-7.274
-7.357
-7.419
-7.295
-7.253
-7.305
-7.440
-7.315
-7.253
-7.295
-7.388
-7.305
-7.233
-7.295
-7.398
-7.315
-7.026
-7.253
-7.378
-7.336
-7.243
-7.284
-7.347
-7.357
-7.253
-7.253
-7.326
-7.367
-7.264
-7.222
-7.295
-7.139
-7.222
-7.202
-7.274
-7.367
-7.253
-7.202
-7.243
-7.326
-7.233
-7.170
-7.181
-7.274
-7.233
-7.160
-7.191
-7.264
-7.274
-7.181
-7.139
-7.253
-7.295
-7.170
-7.129
-7.150
-7.274
-7.191
-7.098
-7.139
-7.212
-7.181
-7.088
-7.088
-7.077
-7.274
-7.088
-7.067
-7.098
-7.212
-7.026
-7.067
-7.098
-7.170
-7.129
-7.026
-7.057
-7.119
-7.170
-7.036
-7.046
-7.088
-7.160
-7.181
-7.046
-7.057
-7.160
-6.974
-7.026
-7.046
-7.119
-7.181
-7.057
-7.077
-7.108
-7.284
-7.088
-7.005
-7.067
-7.150
-7.108
-7.005
-7.005
-7.098
-7.139
-7.036
-6.984
-7.036
-7.139
-7.088
-7.015
-7.036
-7.108
-7.119
-7.005
-7.005
-7.088
-7.160
-7.057
-7.005
-7.108
-7.181
-7.119
-7.036
-7.046
-7.170
-7.160
-7.067
-7.077
-7.108
-7.233
-7.108
-7.036
-7.160
-7.264
-7.150
-7.108
-7.191
-7.264
-7.202
-7.129
-7.170
-7.264
-7.243
-7.160
-7.160
-7.222
-7.284
-7.222
-7.160
-7.243
-7.315
-7.222
-7.160
-7.160
-7.295
-7.212
-7.150
-7.026
-7.284
-7.253
-7.160
-7.129
-7.284
-7.264
-7.160
-7.264
-7.243
-7.305
-7.191
-6.901
-7.170
-7.253
-7.160
-7.098
-7.170
-7.264
-7.170
-7.088
-7.098
-7.150
-7.212
-7.088
-7.088
-7.150
-7.170
-7.098
-7.046
-7.057
-7.067
-7.077
-7.015
-7.026
-7.129
-7.170
-7.005
-6.984
-6.994
-7.170
-7.046
-6.953
-7.005
-7.119
-7.067
-6.994
-7.005
-7.077
-7.129
-7.005
-6.984
-7.067
-7.191
-7.026
-6.994
-6.994
-7.098
-7.077
-7.015
-6.974
-7.057
-7.119
-7.026
-6.984
-6.994
-7.098
-6.963
-6.963
-6.963
-7.057
-7.108
-7.067
-6.974
-7.026
-7.119
-7.036
-6.963
-6.974
-7.077
-7.108
-7.005
-7.005
-7.067
-7.129
-7.046
-7.005
-7.067
-7.170
-6.994
-7.046
-7.077
-7.274
-7.160
-7.088
-7.191
-7.181
-7.243
-7.150
-7.108
-7.202
-7.284
-7.170
-7.139
-7.191
-7.284
-7.233
-7.295
-7.191
-7.315
-7.108
-7.150
-7.212
-7.295
-7.284
-7.191
-7.015
-7.295
-7.357
-7.264
-7.243
-7.305
-7.398
-7.264
-7.253
-7.336
-7.429
-7.347
-7.295
-7.367
-7.440
-7.357
-7.326
-7.347
-7.502
-7.129
-7.098
-7.409
-7.616
-7.388
-7.388
-7.419
-7.502
-7.398
-7.367
-7.367
-7.523
-7.388
-7.336
-7.419
-7.492
-7.409
-7.357
-7.409
-7.512
-7.429
-7.367
-7.398
-7.543
-7.419
-7.429
-7.419
-7.523
-7.460
-7.367
-7.419
-7.688
-7.450
-7.378
-7.460
-7.543
-7.460
-7.388
-7.450
-7.533
-7.440
-7.409
-7.471
-7.564
-7.450
-7.398
-7.429
-7.523
-7.471
-7.398
-7.440
-7.564
-7.440
-7.378
-7.419
-7.523
-7.440
-7.398
-7.419
-7.523
-7.419
-7.326
-7.367
-7.492
-7.409
-7.357
-7.378
-7.471
-7.409
-7.315
-7.357
-7.440
-7.419
-7.305
-7.336
-7.429
-7.398
-7.388
-7.347
-7.450
-7.460
-7.336
-7.367
-7.460
-7.460
-7.367
-7.367
-7.492
-7.492
-7.378
-7.440
-7.502
-7.512
-7.450
-7.460
-7.564
-7.523
-7.450
-7.657
-7.730
-7.605
-7.512
-7.574
-7.637
-7.585
-7.554
-7.585
-7.512
-7.605
-7.585
-7.512
-7.730
-7.616
-7.605
-7.688
-7.719
-7.605
-7.637
-7.730
-7.699
-7.637
-7.647
-7.750
-7.657
-7.605
-7.688
-7.730
-7.637
-7.595
-7.657
-7.719
-7.740
-7.554
-7.647
-7.688
-7.564
-7.533
-7.616
-7.657
-7.512
-7.533
-7.595
-7.750
-7.502
-7.502
-7.574
-7.605
-7.481
-7.492
-7.554
-7.585
-7.471
-7.440
-7.616
-7.543
-7.398
-7.481
-7.554
-7.533
-7.450
-7.471
-7.543
-7.523
-7.419
-7.460
-7.564
-7.512
-7.419
-7.429
-7.533
-7.481
-7.419
-7.398
-7.533
-7.543
-7.378
-7.409
-7.605
-7.440
-7.388
-7.388
-7.450
-7.440
-7.347
-7.378
-7.450
-7.440
-7.150
-7.409
-7.429
-7.450
-7.336
-7.440
-7.202
-7.429
-7.326
-7.326
-7.409
-7.460
-7.336
-7.284
-7.378
-7.409
-7.336
-7.253
-7.357
-7.450
-7.274
-7.378
-7.336
-7.440
-7.315
-7.253
-7.347
-7.419
-7.305
-7.274
-7.336
-7.429
-7.305
-7.284
-7.284
-7.523
-7.347
-7.315
-7.295
-7.409
-7.502
-7.284
-7.315
-7.450
-7.388
-7.295
-7.336
-7.409
-7.429
-7.305
-7.347
-7.419
-7.440
-7.264
-7.326
-7.419
-7.450
-7.315
-7.305
-7.409
-7.429
-7.026
-7.315
-7.378
-7.460
-7.315
-7.326
-7.388
-7.429
-7.347
-7.284
-7.119
-7.429
-7.336
-7.295
-7.347
-7.471
-7.326
-7.284
-7.336
-7.440
-7.347
-7.305
-7.347
-7.429
-7.367
-7.315
-7.305
-7.471
-7.378
-7.284
-7.347
-7.440
-7.378
-7.315
-7.326
-7.440
-7.450
-7.367
-7.388
-7.471
-7.460
-7.481
-7.378
-7.533
-7.450
-7.481
-7.419
-7.481
-7.492
-7.502
-7.419
-7.512
-7.502
-7.409
-7.419
-7.440
-7.512
-7.450
-7.460
-7.554
-7.595
-7.429
-7.502
-7.595
-7.595
-7.533
-7.595
-7.647
-7.543
-7.471
-7.523
-7.668
-7.533
-7.481
-7.564
-7.678
-7.585
-7.512
-7.585
-7.668
-7.543
-7.554
-7.574
-7.637
-7.554
-7.523
-7.585
-7.668
-7.543
-7.554
-7.585
-7.750
-7.554
-7.585
-7.626
-7.637
-7.533
-7.564
-7.657
-7.626
-7.512
-7.543
-7.647
-7.574
-7.492
-7.523
-7.657
-7.574
-7.492
-7.523
-7.626
-7.574
-7.492
-7.492
-7.605
-7.481
-7.450
-7.492
-7.574
-7.471
-7.347
-7.533
-7.574
-7.460
-7.398
-7.471
-7.502
-7.564
-7.388
-7.440
-7.523
-7.429
-7.388
-7.450
