-7.067
-7.129
-6.963
-6.932
-6.943
-7.026
-7.046
-6.994
-6.922
-6.994
-7.057
-6.984
-6.932
-6.912
-7.015
-7.015
-6.912
-6.963
-6.953
-7.036
-6.953
-6.912
-6.943
-6.984
-7.015
-6.912
-6.870
-6.974
-7.067
-6.932
-6.912
-6.912
-6.984
-6.974
-6.860
-6.849
-6.912
-7.026
-6.912
-6.839
-6.860
-6.953
-6.953
-6.860
-6.839
-6.901
-6.984
-6.932
-6.829
-6.870
-6.932
-6.953
-6.891
-6.860
-6.932
-7.015
-6.953
-6.953
-6.829
-6.912
-7.015
-6.849
-6.901
-6.839
-6.932
-6.932
-6.818
-6.839
-6.870
-6.922
-6.839
-6.767
-6.798
-6.860
-6.881
-6.808
-6.777
-6.818
-6.881
-6.839
-6.736
-6.818
-6.787
-6.860
-6.767
-6.725
-6.849
-6.818
-6.984
-6.767
-6.860
-6.818
-6.953
-6.798
-6.870
-6.736
-6.891
-6.849
-6.808
-6.736
-6.777
-6.932
-6.901
-6.746
-6.777
-6.839
-6.974
-6.901
-6.787
-6.798
-6.891
-6.974
-6.839
-6.787
-6.860
-6.922
-6.881
-6.798
-6.787
-6.860
-6.932
-6.891
-6.829
-6.777
-6.870
-6.912
-6.787
-6.756
-6.787
-6.891
-6.829
-6.746
-6.725
-6.798
-6.870
-6.777
-6.746
-6.694
-6.798
-6.829
-6.725
-6.632
-6.767
-6.808
-6.549
-6.673
-6.684
-6.725
-6.818
-6.756
-6.694
-6.746
-6.632
-6.808
-6.694
-6.736
-6.756
-6.767
-6.787
-6.694
-6.684
-6.715
-6.808
-6.756
-6.798
-6.736
-6.777
-6.870
-6.736
-6.663
-6.673
-6.725
-6.818
-6.736
-6.663
-6.684
-6.839
-6.767
-6.694
-6.632
-6.704
-6.891
-6.736
-6.663
-6.663
-6.601
-6.756
-6.725
-6.653
-6.684
-6.746
-6.808
-6.725
-6.653
-6.663
-6.891
-6.829
-6.787
-6.704
-6.715
-6.787
-6.725
-6.684
-6.715
-6.736
-6.860
-6.736
-6.622
-6.756
-6.798
-6.798
-6.777
-6.642
-6.777
-6.849
-6.715
-6.715
-6.849
-6.787
-6.839
-6.767
-6.715
-6.725
-6.818
-6.870
-6.736
-6.673
-6.808
-6.829
-6.787
-6.715
-6.684
-6.767
-6.642
-6.611
-6.673
-6.684
-6.767
-6.808
-6.715
-6.601
-6.725
-6.694
-6.777
-6.673
-6.466
-6.673
-6.787
-6.736
-6.642
-6.632
-6.684
-6.777
-6.715
-6.642
-6.601
-6.767
-6.808
-6.663
-6.559
-6.642
-6.736
-6.849
-6.663
-6.622
-6.684
-6.580
-6.715
-6.642
-6.611
-6.663
-6.849
-6.756
-6.632
-6.580
-6.559
-6.839
-6.694
-6.684
-6.642
-6.736
-6.798
-6.663
-6.611
-6.673
-6.767
-6.787
-6.632
-6.611
-6.673
-6.787
-6.736
-6.632
-6.632
-6.684
-6.777
-6.704
-6.642
-6.684
-6.549
-6.756
-6.684
-6.663
-6.694
-6.725
-6.808
-6.466
-6.673
-6.777
-6.787
-6.736
-6.736
-6.663
-6.715
-6.839
-6.756
-6.663
-6.663
-6.736
-6.756
-6.694
-6.663
-6.694
-6.767
-6.787
-6.653
-6.632
-6.704
-6.777
-6.746
-6.632
-6.715
-6.725
-6.798
-6.704
-6.663
-6.694
-6.725
-6.829
-6.704
-6.653
-6.673
-6.746
-6.787
-6.684
-6.622
-6.704
-6.839
-6.746
-6.663
-6.642
-6.435
-6.777
-6.704
-6.611
-6.653
-6.704
-6.798
-6.684
-6.653
-6.622
-6.787
-6.746
-6.684
-6.642
-6.704
-6.901
-6.777
-6.684
-6.642
-6.736
-6.818
-6.601
-6.580
-6.694
-6.839
-6.922
-6.694
-6.725
-6.704
-6.756
-6.839
-6.746
-6.715
-6.798
-6.870
-6.756
-6.756
-6.777
-6.808
-6.870
-6.829
-6.694
-6.736
-6.891
-6.849
-6.798
-6.746
-6.818
-6.870
-6.839
-6.849
-6.767
-6.849
-6.891
-6.767
-6.798
-6.798
-6.818
-6.860
-6.725
-6.746
-6.818
-6.901
-6.829
-6.725
-6.756
-6.839
-6.881
-6.746
-6.746
-6.818
-6.922
-6.849
-6.736
-6.756
-6.818
-6.912
-6.818
-6.767
-6.777
-6.881
-6.891
-6.715
-6.787
-6.787
-6.943
-6.860
-6.808
-6.798
-6.891
-6.922
-6.808
-6.746
-6.860
-6.870
-6.891
-6.756
-6.777
-6.829
-6.953
-6.860
-6.767
-6.767
-6.849
-6.891
-6.798
-6.756
-6.808
-6.891
-6.912
-6.777
-6.798
-6.798
-6.943
-6.818
-6.746
-6.787
-6.891
-6.849
-6.777
-6.767
-6.818
-6.901
-6.818
-6.777
-6.787
-6.849
-6.912
-6.829
-6.756
-6.767
-6.870
-6.839
-6.736
-6.756
-6.849
-6.963
-6.860
-6.746
-6.787
-6.881
-6.901
-6.756
-6.767
-6.808
-6.891
-6.860
-6.746
-6.808
-6.881
-6.943
-6.818
-6.839
-6.943
-6.922
-6.901
-6.839
-6.818
-6.849
-6.953
-6.943
-6.767
-6.829
-6.849
-6.943
-6.818
-6.808
-6.974
-6.943
-6.994
-6.798
-6.829
-6.860
-6.953
-6.798
-6.767
-6.829
-6.912
-6.901
-6.777
-6.787
-6.808
-6.673
-6.798
-6.787
-6.777
-6.881
-6.881
-6.756
-6.767
-6.736
-6.891
-6.839
-6.808
-6.767
-6.829
-6.901
-6.808
-6.736
-6.777
-6.860
-6.881
-6.611
-6.715
-6.756
-6.829
-6.818
-6.756
-6.787
-6.818
-6.891
-6.767
-6.849
-6.777
-6.839
-6.839
-6.736
-6.725
-6.808
-6.725
-6.736
-6.829
-6.694
-6.798
-6.860
-6.756
-6.818
-6.715
-6.829
-6.808
-6.704
-6.767
-6.777
-6.818
-6.767
-6.715
-6.694
-6.777
-6.818
-6.756
-6.694
-6.715
-6.808
-6.829
-6.642
-6.704
-6.777
-6.860
-6.756
-6.725
-6.746
-6.901
-6.860
-6.736
-6.704
-6.694
-6.756
-6.829
-6.704
-6.663
-6.746
-6.818
-6.787
-6.663
-6.663
-6.715
-6.798
-6.798
-6.673
-6.673
-6.736
-6.798
-6.694
-6.673
-6.694
-6.767
-6.777
-6.736
-6.456
-6.694
-6.849
-6.787
-6.694
-6.611
-6.725
-6.829
-6.777
-6.694
-6.694
-6.787
-6.798
-6.725
-6.777
-6.756
-6.767
-6.932
-6.746
-6.704
-6.559
-6.860
-6.808
-6.725
-6.746
-6.808
-6.818
-6.611
-6.746
-6.777
-6.849
-6.829
-6.756
-6.756
-6.777
-6.787
-6.808
-6.725
-6.777
-6.829
-6.901
-6.818
-6.736
-6.746
-6.891
-6.767
-6.746
-6.756
-6.860
-6.881
-6.849
-6.767
-6.798
-6.849
-6.922
-6.787
-6.736
-6.860
-6.870
-6.881
-6.767
-6.756
-6.891
-6.901
-6.808
-6.684
-6.808
-6.881
-6.943
-6.808
-6.787
-6.829
-6.901
-6.860
-6.849
-6.901
-6.912
-6.994
-6.860
-6.839
-6.922
-6.922
-6.932
-6.787
-6.860
-6.953
-7.015
-6.849
-6.818
-6.922
-6.963
-6.984
-6.891
-6.860
-6.943
-6.974
-6.632
-6.870
-6.849
-6.943
-6.912
-6.839
-6.777
-6.808
-6.974
-6.860
-6.777
-6.787
-6.860
-6.839
-6.756
-6.632
-6.818
-6.922
-6.860
-6.601
-6.777
-6.829
-6.912
-6.891
-6.798
-6.849
-6.860
-6.891
-6.849
-6.860
-6.891
-6.974
-6.922
-6.963
-6.849
-6.881
-7.015
-6.829
-6.839
-6.818
-6.994
-6.912
-6.818
-6.932
-7.005
-7.005
-7.026
-6.974
-6.974
-7.046
-7.129
-6.849
-6.953
-7.077
-7.026
-6.736
-6.922
-6.984
-7.119
-7.005
-6.932
-6.943
-7.046
-7.005
-6.953
-6.953
-6.922
-7.067
-6.912
-6.922
-6.974
-7.046
-6.984
-6.912
-6.932
-6.984
-7.046
-6.777
-6.901
-7.015
-7.036
-7.005
-7.015
-6.860
-6.953
-7.046
-6.870
-6.881
-6.901
-6.994
-6.943
-6.849
-6.839
-6.912
-7.098
-6.891
-6.849
-7.036
-7.057
-6.953
-6.860
-6.767
-6.963
-7.005
-6.870
-6.798
-6.849
-6.922
-6.839
-6.808
-6.756
-6.881
-6.932
-7.005
-6.839
-6.891
-6.901
-6.922
-6.818
-6.849
-6.818
-6.912
-6.642
-6.798
-6.787
-6.839
-6.994
-6.860
-6.777
-6.829
-6.984
-6.953
-6.798
-6.829
-6.860
-7.057
-6.870
-6.839
-6.829
-6.912
-6.922
-6.881
-6.632
-6.881
-6.963
-6.953
-6.849
-6.818
-6.932
-6.974
-6.881
-6.839
-6.881
-6.963
-7.036
-6.829
-6.829
-6.870
-6.984
-6.849
-6.808
-6.839
-6.922
-6.974
-6.673
-6.818
-6.870
-6.943
-6.839
-6.881
-6.818
-6.901
-6.943
-6.839
-6.787
-6.870
-6.901
-6.787
-6.746
-6.787
-6.839
-6.901
-6.818
-6.881
-6.767
-6.849
-6.922
-6.704
-6.860
-6.559
-6.881
-6.798
-6.725
-6.767
-6.849
-6.953
-6.818
-6.767
-6.798
-6.943
-6.860
-6.808
-6.756
-6.860
-6.932
-6.818
-6.767
-6.777
-6.808
-6.818
-6.818
-6.756
-6.808
-6.943
-6.943
-6.746
-6.756
-6.860
-6.963
-6.829
-6.704
-6.777
-6.901
-6.798
-6.746
-6.736
-6.777
-6.860
-6.798
-6.736
-6.715
-6.746
-6.870
-6.787
-6.756
-6.684
-6.839
-6.839
-6.736
-6.663
-6.736
-6.870
-6.787
-6.715
-6.673
-6.777
-6.808
-6.694
-6.673
-6.694
-6.756
-6.798
-6.694
-6.798
-6.694
-6.787
-6.798
-6.684
-6.663
-6.704
-6.818
-6.787
-6.684
-6.684
-6.549
-6.591
-6.767
-6.684
-6.684
-6.798
-6.829
-6.725
-6.684
-6.694
-6.922
-6.777
-6.622
-6.715
-6.798
-6.798
-6.746
-6.808
-6.694
-6.694
-6.808
-6.725
-6.632
-6.715
-6.704
-6.829
-6.684
-6.404
-6.715
-6.798
-6.746
-6.653
-6.673
-6.715
-6.818
-6.715
-6.414
-6.663
-6.715
-6.870
-6.725
-6.622
-6.580
-6.808
-6.818
-6.653
-6.622
-6.694
-6.736
-6.663
-6.632
-6.601
-6.704
-6.798
-6.642
-6.673
-6.622
-6.756
-6.860
-6.622
-6.653
-6.653
-6.798
-6.787
-6.736
-6.663
-6.694
-6.798
-6.777
-6.704
-6.673
-6.736
-6.860
-6.725
-6.642
-6.653
-6.694
-6.839
-6.694
-6.663
-6.704
-6.777
-6.559
-6.673
-6.611
-6.694
-6.891
-6.777
-6.622
-6.684
-6.673
-6.756
-6.673
-6.632
-6.632
-6.704
-6.777
-6.684
-6.642
-6.642
-6.715
-6.777
-6.642
-6.549
-6.539
-6.663
-6.746
-6.632
-6.570
-6.632
-6.715
-6.715
-6.736
-6.611
-6.611
-6.767
-6.653
-6.539
-6.601
-6.632
-6.673
-6.704
-6.601
-6.673
-6.684
-6.777
-6.787
-6.611
-6.704
-6.715
-6.767
-6.694
-6.642
-6.756
-6.787
-6.756
-6.694
-6.632
-6.746
-6.818
-6.725
-6.777
-6.653
-6.715
-6.808
-6.673
-6.622
-6.446
-6.767
-6.736
-6.601
-6.622
-6.632
-6.715
-6.746
-6.611
-6.580
-6.425
-6.715
-6.684
-6.580
-6.549
-6.642
-6.736
-6.611
-6.632
-6.528
-6.601
-6.736
-6.653
-6.549
-6.549
-6.653
-6.642
-6.694
-6.549
-6.663
-6.663
-6.673
-6.580
-6.611
-6.622
-6.736
-6.777
-6.663
-6.591
-6.663
-6.736
-6.756
-6.632
-6.694
-6.694
-6.818
-6.694
-6.611
-6.725
-6.736
-6.756
-6.715
-6.642
-6.673
-6.746
-6.767
-6.704
-6.580
-6.663
-6.860
-6.673
-6.632
-6.622
-6.725
-6.518
-6.601
-6.653
-6.642
-6.736
-6.715
-6.673
-6.601
-6.684
-6.715
-6.756
-6.611
-6.559
-6.777
-6.591
-6.746
-6.611
-6.611
-6.632
-6.746
-6.725
-6.632
-6.580
-6.694
-6.715
-6.663
-6.570
-6.373
-6.694
-6.746
-6.653
-6.622
-6.622
-6.694
-6.736
-6.642
-6.642
-6.642
-6.704
-6.860
-6.673
-6.663
-6.694
-6.787
-6.725
-6.611
-6.632
-6.601
-6.746
-6.694
-6.715
-6.849
-6.673
-6.777
-6.725
-6.622
-6.591
-6.622
-6.767
-6.704
-6.684
-6.632
-6.663
-6.725
-6.611
-6.591
-6.622
-6.736
-6.746
-6.559
-6.601
-6.559
-6.642
-6.704
-6.559
-6.601
-6.632
-6.642
-6.715
-6.580
-6.591
-6.601
-6.746
-6.673
-6.642
-6.642
-6.642
-6.756
-6.694
-6.342
-6.642
-6.725
-6.715
-6.653
-6.632
-6.663
-6.570
-6.746
-6.653
-6.704
-6.446
-6.736
-6.663
-6.673
-6.622
-6.508
-6.808
-6.684
-6.663
-6.653
-6.725
-6.839
-6.642
-6.653
-6.684
-6.673
-6.756
-6.673
-6.684
-6.725
-6.767
-6.580
-6.704
-6.622
-6.684
-6.798
-6.725
-6.642
-6.756
-6.642
-6.777
-6.715
-6.601
-6.642
-6.704
-6.725
-6.642
-6.673
-6.673
-6.746
-6.756
-6.622
-6.642
-6.673
-6.746
-6.767
-6.653
-6.673
-6.653
-6.839
-6.704
-6.622
-6.653
-6.736
-6.860
-6.632
-6.611
-6.715
-6.736
-6.787
-6.642
-6.663
-6.725
-6.767
-6.818
-6.673
-6.622
-6.787
-6.787
-6.736
-6.694
-6.725
-6.694
-6.777
-6.808
-6.642
-6.725
-6.818
-6.829
-6.725
-6.653
-6.808
-6.829
-6.767
-6.684
-6.704
-6.756
-6.829
-6.663
-6.694
-6.653
-6.808
-6.870
-6.704
-6.663
-6.746
-6.767
-6.767
-6.704
-6.704
-6.736
-6.767
-6.818
-6.736
-6.694
-6.808
-6.870
-6.808
-6.756
-6.746
-6.860
-6.881
-6.787
-6.767
-6.860
-6.963
-6.881
-6.829
-6.901
-7.026
-6.974
-6.932
-6.984
-6.984
-7.129
-7.036
-6.994
-7.088
-7.191
-7.150
-7.108
-7.067
-7.191
-7.233
-7.160
-7.243
-7.315
-7.347
-7.233
-7.253
-7.336
-7.367
-7.253
-7.315
-7.388
-7.512
-7.284
-7.347
-7.460
-7.523
-7.419
-7.440
-7.419
-7.481
-7.429
-7.450
-7.554
-7.574
-7.460
-7.512
-7.574
-7.605
-7.605
-7.492
-7.699
-7.647
-7.616
-7.460
-7.637
-7.637
-7.564
-7.605
-7.740
-7.626
-7.616
-7.657
-7.771
-7.626
-7.543
-7.730
-7.782
-7.616
-7.543
-7.637
-7.709
-7.574
-7.574
-7.637
-7.637
-7.626
-7.554
-7.626
-7.637
-7.481
-7.533
-7.605
-7.378
-7.460
-7.450
-7.574
-7.440
-7.460
-7.440
-7.605
-7.305
-7.429
-7.388
-7.585
-7.481
-7.388
-7.419
-7.512
-7.357
-7.429
-7.409
-7.450
-7.460
-7.367
-7.367
-7.523
-7.450
-7.347
-7.429
-7.481
-7.409
-7.378
-7.367
-7.523
-7.481
-7.378
-7.347
-7.492
-7.440
-7.326
-7.347
-7.378
-7.440
-7.398
-7.274
-7.512
-7.450
-7.326
-7.253
-7.264
-7.388
-7.295
-7.243
-7.253
-7.336
-7.264
-7.129
-7.243
-7.367
-7.222
-7.202
-7.253
-7.336
-7.305
-7.181
-7.160
-7.274
-7.336
-7.191
-7.150
-7.243
-7.284
-7.191
-7.160
-7.233
-7.315
-7.253
-7.212
-7.202
-7.315
-7.274
-7.191
-7.202
-7.274
-7.284
-7.160
-7.243
-7.264
-7.274
-7.243
-7.119
-7.170
-7.284
-7.212
-7.139
-6.994
-7.274
-7.202
-7.098
-7.108
-7.160
-7.243
-7.026
-7.067
-7.067
-7.170
-7.170
-7.077
-7.036
-7.139
-7.077
-7.139
-7.150
-7.088
-7.057
-7.005
-7.015
-7.098
-7.170
-7.067
-6.932
-6.963
-7.015
-7.067
-6.974
-6.963
-7.046
-7.129
-6.984
-6.891
-7.036
-7.015
-6.984
-7.026
-6.922
-7.057
-7.098
-6.912
-7.005
-6.974
-7.088
-7.036
-6.684
-6.974
-7.129
-7.057
-6.984
-6.943
-7.036
-7.026
-7.098
-6.901
-6.963
-7.026
-7.046
-6.891
-6.901
-6.953
-7.036
-6.974
-6.881
-6.943
-7.036
-6.953
-6.943
-6.953
-6.932
-7.015
-6.932
-6.901
-6.849
-6.953
-6.943
-6.849
-6.849
-6.881
-6.994
-6.881
-6.829
-6.860
-6.922
-6.953
-6.901
-6.808
-6.684
-7.015
-6.912
-6.767
-6.798
-6.891
-6.922
-6.839
-6.798
-6.849
-6.891
-6.881
-6.798
-6.818
-6.839
-6.922
-6.891
-6.756
-6.808
-6.829
-6.870
-6.808
-6.860
-6.808
-6.932
-6.829
-6.767
-6.756
-6.829
-6.912
-6.808
-6.756
-6.829
-6.829
-6.891
-6.777
-6.767
-6.922
-6.901
-6.808
-6.653
-6.767
-6.849
-6.932
-6.798
-6.736
-6.715
-6.891
-6.860
-6.808
-6.756
-6.777
-6.943
-6.912
-6.684
-6.767
-6.829
-6.808
-6.777
-6.736
-6.767
-6.901
-6.798
-6.653
-6.653
-6.891
-6.849
-6.818
-6.704
-6.725
-6.849
-6.891
-6.622
-6.767
-6.849
-6.922
-6.870
-6.539
-6.839
-6.963
-7.077
-6.860
-6.891
-7.077
-7.067
-7.026
-7.015
-6.994
-7.253
-7.181
-7.067
-7.264
-7.243
-7.315
-7.305
-7.222
-7.388
-7.378
-7.357
-7.378
-7.460
-7.471
-7.429
-7.409
-7.543
-7.502
-7.574
-7.512
-7.637
-7.533
-7.429
-7.523
-7.626
-7.471
-7.492
-7.450
-7.419
-7.533
-7.253
-7.419
-7.574
-7.512
-7.409
-7.450
-7.460
-7.450
-7.398
-7.471
-7.585
-7.388
-7.347
-7.367
-7.543
-7.388
-7.429
-7.378
-7.471
-7.409
-7.398
-7.398
-7.574
-7.233
-7.347
-7.419
-7.409
-7.440
-7.357
-7.419
-7.419
-7.626
-7.367
-7.409
-7.336
-7.564
-7.336
-7.409
-7.450
-7.471
-7.378
-7.357
-7.492
-7.471
-7.378
-7.388
-7.492
-7.502
-7.305
-7.419
-7.481
-7.512
-7.378
-7.419
-7.502
-7.492
-7.347
-7.481
-7.523
-7.492
-7.357
-7.471
-7.460
-7.471
-7.409
-7.284
-7.440
-7.460
-7.492
-7.429
-7.378
-7.471
-7.326
-7.243
-7.429
-7.378
-7.274
-7.315
-7.326
-7.170
-7.450
-7.326
-7.284
-7.429
-7.336
-7.191
-7.284
-7.315
-7.274
-7.202
-7.222
-7.450
-7.336
-7.170
-7.357
-7.398
-7.315
-7.170
-7.139
-7.202
-7.315
-7.139
-7.077
-7.150
-7.295
-7.129
-7.098
-7.181
-7.212
-7.057
-6.932
-7.026
-7.264
-7.253
-7.098
-7.191
-7.088
-7.305
-7.315
-7.119
-7.212
-7.315
-7.191
-7.160
-7.264
-7.357
-7.253
-7.212
-7.253
-7.274
-7.284
-7.160
-7.222
-7.357
-7.315
-7.233
-7.253
-7.326
-7.388
-7.295
-7.233
-7.440
-7.305
-7.326
-7.295
-7.367
-7.429
-7.367
-7.378
-7.367
-7.502
-7.357
-7.378
-7.460
-7.564
-7.481
-7.367
-7.429
-7.481
-7.357
-7.378
-7.440
-7.492
-7.429
-7.315
-7.419
-7.502
-7.326
-7.347
-7.512
-7.616
-7.419
-7.440
-7.160
-7.419
-7.398
-7.274
-7.336
-7.523
-7.347
-7.264
-7.326
-7.388
-7.357
-7.388
-7.067
-7.388
-7.378
-7.295
-7.233
-7.388
-7.419
-7.274
-7.409
-7.305
-7.347
-7.222
-7.264
-7.274
-7.481
-7.233
-7.202
-7.367
-7.367
-7.253
-7.191
-7.202
-7.284
-7.284
-7.243
-7.243
-7.274
-7.212
-7.139
-7.233
-7.212
-7.367
-7.129
-7.181
-7.170
-7.326
-7.150
-7.119
-7.139
-7.264
-7.057
-7.046
-7.139
-7.212
-7.222
-7.046
-7.150
-7.160
-7.212
-7.139
-7.088
-7.295
-7.264
-7.181
-7.098
-7.108
-7.212
-7.181
-6.922
-7.139
-7.139
-7.326
-7.077
-7.046
-7.119
-7.253
-7.067
-7.057
-7.077
-7.212
-7.129
-7.046
-7.077
-7.139
-7.212
-7.088
-7.026
-7.139
-7.222
-7.036
-7.170
-7.119
-7.212
-7.119
-7.067
-7.057
-7.108
-7.191
-7.088
-7.098
-7.139
-7.139
-7.067
-6.963
-7.098
-7.202
-6.912
-7.036
-6.974
-7.129
-7.108
-7.088
-7.015
-7.129
-7.160
-7.057
-6.984
-7.015
-7.098
-7.119
-6.994
-7.036
-7.098
-7.098
-7.067
-6.963
-7.015
-7.326
-7.077
-7.036
-6.943
-7.098
-7.098
-6.932
-7.005
-7.005
-7.129
-7.015
-6.932
-7.005
-7.077
-7.036
-6.932
-7.005
-7.077
-7.026
-6.994
-6.963
-6.963
-7.108
-6.849
-6.849
-6.984
-7.015
-7.046
-6.943
-6.943
-6.912
-7.108
-6.943
-6.963
-6.901
-7.015
-7.046
-6.901
-6.922
-6.777
-7.057
-6.891
-6.881
-6.922
-6.994
-6.994
-6.932
-6.818
-6.943
-7.005
-6.943
-6.849
-6.839
-6.974
-6.943
-6.849
-6.839
-6.849
-6.974
-6.860
-6.839
-6.798
-6.860
-7.015
-6.818
-6.881
-6.808
-6.994
-6.943
-6.860
-6.808
-6.860
-6.912
-6.839
-7.098
-6.870
-6.932
-6.932
-6.767
-6.818
-6.818
-6.901
-6.860
-6.777
-6.798
-6.860
-6.912
-6.849
-6.777
-6.787
-6.943
-6.881
-6.798
-6.767
-6.870
-6.963
-6.767
-6.767
-6.756
-6.829
-6.870
-6.891
-6.704
-6.746
-6.818
-6.818
-6.725
-6.725
-6.912
-6.839
-6.736
-6.663
-6.746
-6.798
-6.860
-6.466
-6.704
-6.725
-6.736
-6.849
-6.818
-6.684
-6.767
-6.849
-6.539
-6.673
-6.736
-6.736
-6.849
-6.746
-6.704
-6.756
-6.818
-6.725
-6.881
-6.622
-6.694
-6.808
-6.829
-6.704
-6.704
-6.736
-6.849
-6.756
-6.591
-6.746
-6.777
-6.829
-6.694
-6.622
-6.694
-6.456
-6.756
-6.684
-6.632
-6.673
-6.736
-6.746
-6.642
-6.622
-6.694
-6.767
-6.704
-6.580
-6.580
-6.684
-6.756
-6.684
-6.601
-6.611
-6.746
-6.746
-6.694
-6.622
-6.642
-6.715
-6.715
-6.601
-6.549
-6.725
-6.673
-6.663
-6.611
-6.570
-6.653
-6.746
-6.694
-6.632
-6.580
-6.622
-6.715
-6.611
-6.518
-6.301
-6.756
-6.725
-6.632
-6.580
-6.570
-6.694
-6.684
-6.611
-6.601
-6.736
-6.694
-6.715
-6.570
-6.684
-6.570
-6.684
-6.715
-6.622
-6.591
-6.736
-6.839
-6.673
-6.663
-6.746
-6.725
-6.767
-6.694
-6.663
-6.756
-6.777
-6.704
-6.622
-6.611
-6.642
-6.891
-6.808
-6.704
-6.622
-6.704
-6.829
-6.715
-6.653
-6.632
-6.673
-6.818
-6.653
-6.611
-6.653
-6.860
-6.653
-6.725
-6.704
-6.694
-6.839
-6.767
-6.725
-6.684
-6.777
-6.746
-6.818
-6.663
-6.736
-6.849
-6.818
-6.673
-6.673
-6.756
-6.849
-6.808
-6.704
-6.570
-6.798
-6.912
-6.849
-6.715
-6.684
-6.767
-6.881
-6.694
-6.653
-6.767
-6.808
-6.818
-6.694
-6.673
-6.756
-6.860
-6.787
-6.694
-6.736
-6.787
-6.673
-6.756
-6.653
-6.653
-6.818
-6.901
-6.777
-6.694
-6.746
-6.849
-6.756
-6.673
-6.642
-6.808
-6.891
-6.725
-6.715
-6.715
-6.756
-6.818
-6.767
-6.673
-6.746
-6.818
-6.787
-6.684
-6.839
-6.849
-6.808
-6.808
-6.777
-6.746
-6.808
-6.818
-6.715
-6.736
-6.756
-6.829
-6.787
-6.684
-6.704
-6.767
-6.922
-6.663
-6.777
-6.808
-6.808
-6.849
-6.756
-6.694
-6.725
-6.829
-6.798
-6.694
-6.736
-6.787
-6.829
-6.787
-6.694
-6.787
-6.528
-6.849
-6.818
-6.704
-6.746
-6.860
-6.818
-6.715
-6.684
-6.787
-6.849
-6.808
-6.715
-6.694
-6.798
-6.829
-6.860
-6.736
-6.798
-6.839
-6.922
-6.756
-6.725
-6.756
-6.891
-6.736
-6.746
-6.694
-6.839
-6.849
-6.849
-6.756
-6.736
-6.839
-6.963
-6.715
-6.756
-6.756
-6.881
-6.798
-6.777
-6.798
-6.839
-6.860
-6.736
-6.756
-6.704
-6.891
-6.829
-6.715
-6.777
-6.787
-6.891
-6.798
-6.818
-6.787
-6.881
-6.829
-6.787
-6.787
-6.798
-6.787
-6.860
-6.808
-6.746
-6.839
-7.026
-6.787
-6.777
-6.756
-6.922
-6.756
-6.756
-6.798
-6.881
-6.891
-6.891
-6.891
-6.829
-6.891
-6.881
-6.798
-6.767
-6.829
-7.005
-6.943
-6.953
-6.756
-6.839
-6.984
-6.881
-6.849
-6.818
-6.912
-6.953
-6.818
-6.829
-6.860
-6.932
-6.901
-6.777
-6.818
-6.881
-7.026
-6.881
-6.839
-6.922
-6.953
-6.901
-6.860
-6.849
-6.943
-6.963
-6.860
-6.798
-6.860
-6.932
-6.684
-6.798
-6.798
-6.849
-6.922
-6.808
-6.798
-6.798
-6.901
-7.026
-6.777
-6.787
-6.922
-6.943
-6.860
-6.777
-6.715
-6.963
-6.932
-6.922
-6.777
-6.777
-6.881
-6.901
-6.746
-6.787
-6.849
-6.912
-6.756
-6.798
-6.798
-6.881
-6.818
-6.932
-6.777
-6.839
-6.932
-6.881
-6.767
-6.601
-6.849
-6.932
-6.777
-6.632
-6.870
-6.901
-6.953
-6.849
-6.798
-6.901
-6.901
-6.860
-6.808
-6.818
-6.901
-6.839
-6.818
-6.756
-6.777
-6.860
-6.870
-6.829
-6.777
-6.787
-6.922
-6.756
-6.736
-6.818
-6.860
-6.881
-6.787
-6.746
-6.808
-6.870
-6.839
-6.704
-6.725
-6.818
-6.901
-6.798
-6.715
-6.580
-6.912
-6.860
-6.756
-6.746
-6.787
-6.912
-6.839
-6.777
-6.767
-6.881
-6.881
-6.798
-6.725
-6.756
-6.891
-6.798
-6.777
-6.777
-6.839
-6.881
-6.818
-6.767
-6.829
-6.912
-6.870
-6.787
-6.808
-6.829
-6.881
-6.818
-6.787
-6.777
-6.839
-6.891
-6.787
-6.736
-6.756
-6.912
-6.808
-6.704
-6.736
-6.818
-6.943
-6.777
-6.725
-6.767
-6.808
-6.901
-6.787
-6.715
-6.756
-6.839
-6.870
-6.839
-6.736
-6.808
-6.953
-6.860
-6.777
-6.725
-6.808
-6.870
-6.756
-6.704
-6.704
-6.818
-6.953
-6.777
-6.725
-6.767
-6.839
-6.756
-6.673
-6.736
-6.787
-6.839
-6.746
-6.725
-6.704
-6.818
-6.818
-6.787
-6.756
-6.787
-6.849
-6.798
-6.715
-6.725
-6.777
-6.881
-6.746
-6.704
-6.715
-6.808
-6.922
-6.818
-6.725
-6.704
-6.839
-6.881
-6.694
-6.694
-6.736
-6.798
-6.818
-6.684
-6.684
-6.777
-6.860
-6.746
-6.580
-6.808
-6.725
-6.777
-6.673
-6.694
-6.642
-6.808
-6.725
-6.611
-6.653
-6.663
-6.870
-6.725
-6.632
-6.642
-6.580
-6.829
-6.663
-6.611
-6.622
-6.704
-6.777
-6.622
-6.653
-6.642
-6.746
-6.767
-6.642
-6.642
-6.673
-6.663
-6.777
-6.591
-6.601
-6.684
-6.787
-6.622
-6.622
-6.673
-6.704
-6.777
-6.704
-6.601
-6.663
-6.725
-6.704
-6.715
-6.601
-6.663
-6.746
-6.684
-6.601
-6.642
-6.756
-6.694
-6.704
-6.591
-6.570
-6.622
-6.767
-6.611
-6.632
-6.570
-6.663
-6.477
-6.684
-6.611
-6.570
-6.663
-6.715
-6.632
-6.591
-6.570
-6.622
-6.777
-6.601
-6.570
-6.632
-6.663
-6.673
-6.591
-6.601
-6.642
-6.694
-6.684
-6.611
-6.591
-6.611
-6.736
-6.767
-6.570
-6.570
-6.642
-6.777
-6.653
-6.601
-6.611
-6.704
-6.746
-6.653
-6.632
-6.622
-6.715
-6.777
-6.632
-6.622
-6.591
-6.694
-6.736
-6.704
-6.559
-6.653
-6.746
-6.725
-6.694
-6.653
-6.694
-6.746
-6.673
-6.591
-6.694
-6.559
-6.787
-6.663
-6.663
-6.591
-6.715
-6.777
-6.684
-6.663
-6.694
-6.756
-6.756
-6.642
-6.622
-6.767
-6.798
-6.694
-6.787
-6.632
-6.694
-6.849
-6.684
-6.663
-6.684
-6.777
-6.746
-6.756
-6.653
-6.715
-6.798
-6.818
-6.767
-6.704
-6.756
-6.777
-6.736
-6.653
-6.673
-6.756
-6.808
-6.694
-6.694
-6.715
-6.756
-6.798
-6.684
-6.642
-6.704
-6.849
-6.725
-6.694
-6.653
-6.901
-6.849
-6.746
-6.694
-6.756
-6.808
-6.901
-6.725
-6.736
-6.736
-6.922
-6.808
-6.787
-6.756
-6.829
-6.953
-6.808
-6.756
-6.922
-6.881
-6.839
-6.849
-6.777
-6.798
-6.881
-6.808
-6.849
-6.798
-6.870
-6.891
-6.818
-6.787
-6.818
-6.891
-6.860
-6.725
-6.818
-6.798
-6.839
-6.736
-6.694
-6.767
-6.891
-6.932
-6.725
-6.736
-6.808
-6.870
-6.787
-6.777
-6.673
-6.808
-6.808
-6.715
-6.684
-6.704
-6.839
-6.881
-6.860
-6.704
-6.767
-6.849
-6.808
-6.725
-6.715
-6.808
-6.849
-6.787
-6.694
-6.849
-6.860
-6.849
-6.808
-6.746
-6.746
-6.808
-6.839
-6.767
-6.528
-6.829
-6.953
-6.787
-6.932
-6.798
-6.870
-6.912
-6.798
-6.767
-6.901
-6.974
-6.849
-6.756
-6.787
-6.901
-6.912
-6.849
-6.777
-6.829
-6.963
-6.870
-6.870
-6.829
-6.922
-6.922
-6.943
-6.601
-6.808
-6.881
-6.881
-6.756
-6.756
-6.715
-6.849
-6.767
-6.715
-6.580
-6.901
-6.891
-6.787
-6.684
-6.684
-6.849
-6.839
-6.756
-6.704
-6.787
-6.839
-6.746
-6.684
-6.684
-6.839
-6.839
-6.684
-6.818
-6.715
-6.839
-6.787
-6.715
-6.715
-6.746
-6.829
-6.767
-6.746
-6.632
-6.808
-6.559
-6.684
-6.684
-6.715
-6.787
-6.798
-6.725
-6.684
-6.736
-6.829
-6.787
-6.808
-6.694
-6.767
-6.860
-6.736
-6.673
-6.736
-6.798
-6.849
-6.746
-6.704
-6.849
-6.849
-6.849
-6.746
-6.777
-6.839
-6.912
-6.829
-6.673
-6.736
-6.870
-6.798
-6.767
-6.746
-6.818
-6.901
-6.808
-6.746
-6.881
-6.870
-6.881
-6.787
-6.746
-6.787
-6.808
-6.839
-6.756
-6.736
-6.808
-6.870
-6.808
-6.715
-6.704
-6.818
-6.870
-6.798
-6.746
-6.725
-6.818
-6.798
-6.704
-6.704
-6.487
-6.829
-6.767
-6.704
-6.694
-6.725
-6.932
-6.787
-6.725
-6.767
-6.798
-6.860
-6.736
-6.684
-6.694
-6.849
-6.798
-6.715
-6.725
-6.746
-6.818
-6.808
-6.466
-6.725
-6.767
-6.839
-6.767
-6.663
-6.725
-6.808
-6.808
-6.704
-6.684
-6.777
-6.818
-6.767
-6.673
-6.663
-6.746
-6.829
-6.653
-6.808
-6.704
-6.818
-6.787
-6.704
-6.694
-6.777
-6.849
-6.767
-6.673
-6.715
-6.767
-6.870
-6.777
-6.736
-6.777
-6.777
-6.829
-6.746
-6.694
-6.767
-6.829
-6.808
-6.704
-6.725
-6.767
-6.912
-6.808
-6.725
-6.715
-6.839
-6.849
-6.715
-6.673
-6.767
-6.818
-6.881
-6.673
-6.694
-6.725
-6.798
-6.839
-6.725
-6.694
-6.798
-6.881
-6.767
-6.725
-6.725
-6.808
-6.932
-6.725
-6.684
-6.746
-6.953
-6.715
-6.736
-6.756
-6.756
-6.798
-6.756
-6.694
-6.746
-6.715
-6.839
-6.767
-6.694
-6.694
-6.798
-6.818
-6.673
-6.736
-6.736
-6.787
-6.787
-6.704
-6.704
-6.767
-6.818
-6.736
-6.653
-6.694
-6.746
-6.808
-6.715
-6.642
-6.715
-6.818
-6.767
-6.673
-6.684
-6.725
-6.798
-6.767
-6.673
-6.673
-6.787
-6.829
-6.736
-6.663
-6.653
-6.756
-6.777
-6.673
-6.694
-6.746
-6.787
-6.756
-6.673
-6.694
-6.715
-6.798
-6.704
-6.694
-6.632
-6.777
-6.839
-6.736
-6.684
-6.829
-6.829
-6.839
-6.725
-6.715
-6.756
-6.860
-6.808
-6.694
-6.694
-6.808
-6.891
-6.829
-6.767
-6.746
-6.849
-6.881
-6.746
-6.704
-6.777
-6.849
-6.787
-6.704
-6.694
-6.798
-6.881
-6.777
-6.725
-6.829
-6.767
-6.839
-6.725
-6.653
-6.746
-6.787
-6.767
-6.653
-6.642
-6.715
-6.798
-6.736
-6.622
-6.673
-6.715
-6.756
-6.694
-6.611
-6.673
-6.736
-6.777
-6.642
-6.663
-6.663
-6.746
-6.715
-6.673
-6.642
-6.725
-6.787
-6.756
-6.684
-6.736
-6.736
-6.787
-6.704
-6.673
-6.694
-6.756
-6.787
-6.787
-6.704
-6.673
-6.787
-6.798
-6.673
-6.704
-6.704
-6.881
-6.746
-6.663
-6.684
-6.746
-6.808
-6.704
-6.632
-6.694
-6.746
-6.756
-6.673
-6.725
-6.673
-6.756
-6.746
-6.684
-6.663
-6.694
-6.798
-6.725
-6.632
-6.611
-6.798
-6.787
-6.715
-6.663
-6.684
-6.777
-6.756
-6.653
-6.663
-6.684
-6.777
-6.767
-6.642
-6.622
-6.642
-6.818
-6.715
-6.622
-6.632
-6.715
-6.787
-6.715
-6.632
-6.663
-6.715
-6.767
-6.663
-6.591
-6.642
-6.694
-6.642
-6.673
-6.611
-6.663
-6.704
-6.684
-6.622
-6.622
-6.653
-6.725
-6.694
-6.632
-6.611
-6.622
-6.787
-6.622
-6.591
-6.601
-6.663
-6.736
-6.622
-6.601
-6.601
-6.684
-6.746
-6.684
-6.601
-6.539
-6.715
-6.715
-6.601
-6.601
-6.642
-6.767
-6.715
-6.591
-6.591
-6.653
-6.736
-6.694
-6.570
-6.611
-6.673
-6.767
-6.632
-6.663
-6.570
-6.684
-6.767
-6.591
-6.570
-6.611
-6.736
-6.725
-6.632
-6.601
-6.622
-6.746
-6.746
-6.570
-6.684
-6.611
-6.715
-6.694
-6.611
-6.632
-6.653
-6.746
-6.663
-6.580
-6.611
-6.673
-6.756
-6.684
-6.570
-6.746
-6.725
-6.746
-6.673
-6.622
-6.653
-6.684
-6.736
-6.611
-6.591
-6.653
-6.704
-6.704
-6.611
-6.570
-6.663
-6.715
-6.694
-6.591
-6.611
-6.694
-6.736
-6.684
-6.611
-6.611
-6.673
-6.673
-6.642
-6.611
-6.704
-6.684
-6.736
-6.601
-6.591
-6.632
-6.663
-6.684
-6.591
-6.539
-6.611
-6.694
-6.663
-6.559
-6.611
-6.580
-6.715
-6.663
-6.570
-6.591
-6.570
-6.715
-6.642
-6.570
-6.570
-6.663
-6.715
-6.611
-6.559
-6.611
-6.663
-6.715
-6.684
-6.601
-6.611
-6.684
-6.736
-6.642
-6.632
-6.673
-6.870
-6.725
-6.673
-6.642
-6.663
-6.829
-6.715
-6.663
-6.632
-6.777
-6.798
-6.746
-6.673
-6.684
-6.767
-6.787
-6.684
-6.663
-6.684
-6.663
-6.777
-6.497
-6.632
-6.704
-6.787
-6.704
-6.632
-6.653
-6.725
-6.798
-6.694
-6.736
-6.767
-6.736
-6.777
-6.715
-6.653
-6.663
-6.787
-6.736
-6.642
-6.653
-6.704
-6.808
-6.715
-6.663
-6.653
-6.736
-6.787
-6.684
-6.653
-6.684
-6.756
-6.787
-6.684
-6.632
-6.684
-6.808
-6.756
-6.684
-6.663
-6.829
-6.839
-6.725
-6.704
-6.694
-6.777
-6.829
-6.725
-6.725
-6.746
-6.798
-6.839
-6.746
-6.725
-6.777
-6.829
-6.777
-6.829
-6.746
-6.518
-6.870
-6.756
-6.715
-6.756
-6.839
-6.849
-6.725
-6.704
-6.808
-6.881
-6.808
-6.736
-6.715
-6.839
-6.943
-6.725
-6.694
-6.767
-6.870
-6.891
-6.777
-6.756
-6.860
-6.922
-6.818
-6.559
-6.808
-6.870
-6.943
-6.798
-6.808
-6.922
-6.994
-6.870
-6.870
-6.881
-6.974
-7.015
-6.912
-6.891
-6.963
-7.046
-6.963
-6.684
-6.943
-7.036
-7.057
-6.943
-6.953
-7.088
-7.129
-7.005
-6.984
-7.046
-7.139
-7.077
-7.005
-7.088
-7.108
-7.170
-7.046
-7.067
-7.160
-7.378
-6.860
-7.098
-7.191
-7.253
-7.160
-7.129
-7.202
-7.274
-7.253
-7.160
-7.202
-7.284
-7.295
-7.191
-7.202
-7.284
-7.336
-7.222
-7.202
-7.305
-7.347
-7.253
-7.077
-7.326
-7.357
-7.253
-7.243
-7.305
-7.398
-7.295
-7.284
-7.295
-7.398
-7.315
-7.253
-7.274
-7.388
-7.315
-7.326
-7.253
-7.305
-7.295
-7.212
-7.212
-7.326
-7.305
-7.222
-7.202
-7.295
-7.274
-7.181
-7.170
-7.253
-7.315
-7.191
-7.088
-7.108
-7.212
-7.181
-7.046
-7.067
-7.264
-7.191
-7.077
-7.026
-7.088
-7.150
-7.067
-7.139
-7.067
-7.098
-7.119
-7.015
-7.005
-7.036
-7.139
-6.984
-6.943
-7.005
-7.088
-7.015
-6.943
-6.891
-7.005
-7.108
-7.015
-7.026
-7.077
-7.057
-7.005
-6.953
-6.974
-7.119
-7.046
-6.922
-6.673
-6.943
-7.046
-6.922
-6.912
-6.891
-6.994
-7.015
-6.860
-6.860
-6.932
-7.015
-6.901
-6.849
-6.881
-6.984
-6.943
-6.860
-6.860
-6.901
-7.077
-6.901
-6.798
-6.849
-6.870
-6.943
-6.994
-6.808
-6.839
-6.943
-6.901
-6.798
-6.787
-6.870
-6.974
-6.881
-6.891
-6.829
-6.922
-6.994
-6.818
-6.715
-6.849
-6.943
-6.860
-6.808
-6.808
-6.912
-6.870
-6.829
-6.839
-6.870
-7.067
-6.943
-6.808
-6.829
-6.881
-6.953
-6.839
-6.798
-6.881
-6.943
-6.912
-6.953
-6.798
-6.881
-6.963
-6.901
-6.808
-6.818
-6.922
-7.015
-6.829
-6.808
-6.870
-6.953
-6.891
-6.798
-6.860
-6.901
-6.943
-6.839
-6.787
-6.860
-6.891
-6.860
-6.777
-6.798
-6.891
-6.829
-6.829
-6.777
-6.787
-6.881
-6.891
-6.787
-6.767
-6.818
-6.912
-6.808
-6.767
-6.777
-6.829
-6.881
-6.787
-6.736
-6.787
-6.881
-6.984
-6.777
-6.756
-6.808
-6.901
-6.829
-6.767
-6.777
-6.891
-6.881
-6.787
-6.787
-6.798
-6.922
-6.901
-6.694
-6.808
-6.881
-6.922
-6.798
-6.673
-6.808
-6.870
-6.777
-6.787
-6.756
-6.818
-6.901
-6.798
-6.736
-6.767
-6.870
-6.932
-6.787
-6.736
-6.808
-6.881
-6.849
-6.767
-6.746
-6.829
-6.922
-6.808
-6.756
-6.829
-6.860
-6.912
-6.829
-6.767
-6.860
-6.963
-6.849
-6.601
-6.818
-6.839
-6.870
-6.849
-6.808
-6.860
-6.974
-6.901
-6.849
-6.943
-6.901
-6.994
-6.901
-6.829
-6.860
-6.974
-6.922
-6.818
-6.818
-6.891
-6.974
-6.829
-6.580
-6.849
-6.891
-6.932
