-6.114
-6.187
-6.197
-6.145
-6.042
-6.073
-6.259
-6.207
-6.176
-6.104
-6.124
-6.124
-6.187
-6.238
-6.135
-6.083
-6.083
-6.156
-6.238
-6.156
-6.062
-6.073
-6.104
-6.156
-6.269
-6.145
-6.083
-6.135
-6.156
-6.207
-6.197
-6.104
-6.114
-6.114
-6.156
-6.238
-6.145
-6.135
-6.228
-6.166
-6.228
-6.187
-6.124
-6.083
-6.207
-6.187
-6.249
-6.197
-6.093
-6.083
-6.083
-6.238
-6.238
-6.124
-6.124
-5.917
-6.207
-6.259
-6.124
-6.104
-6.104
-6.187
-6.228
-6.269
-6.114
-6.166
-6.135
-6.052
-6.187
-6.166
-6.093
-6.114
-6.187
-6.228
-6.156
-6.145
-6.104
-6.114
-6.197
-6.238
-6.197
-6.114
-6.114
-6.156
-6.207
-6.228
-6.156
-6.124
-6.135
-6.197
-6.280
-6.187
-6.156
-6.166
-6.176
-6.290
-6.269
-6.207
-6.156
-6.124
-6.238
-6.280
-6.207
-6.156
-6.166
-6.207
-6.280
-6.228
-6.197
-6.093
-6.228
-6.238
-6.332
-6.218
-6.114
-6.156
-6.197
-6.352
-6.249
-6.156
-6.135
-6.197
-6.228
-6.280
-6.124
-6.093
-6.135
-6.176
-6.238
-6.176
-6.135
-6.104
-6.135
-6.187
-6.228
-6.145
-6.083
-6.093
-6.156
-6.197
-6.145
-6.114
-6.093
-6.093
-6.176
-6.352
-6.145
-6.083
-6.073
-6.197
-6.290
-6.218
-6.104
-6.093
-6.104
-6.156
-6.238
-6.238
-6.083
-6.083
-6.114
-6.311
-6.218
-6.021
-6.062
-6.083
-6.135
-6.218
-6.156
-6.042
-6.062
-6.052
-6.197
-6.197
-6.000
-6.052
-6.062
-6.104
-6.187
-6.187
-6.083
-6.062
-6.042
-6.124
-6.145
-6.166
-6.062
-6.062
-6.073
-6.197
-6.187
-6.073
-6.062
-6.114
-6.156
-6.238
-6.238
-6.104
-6.083
-6.124
-6.197
-6.280
-6.114
-6.124
-6.238
-6.238
-6.280
-6.207
-6.124
-6.145
-6.176
-6.259
-6.249
-6.000
-6.083
-6.156
-6.218
-6.280
-6.218
-6.176
-6.166
-6.218
-6.259
-6.269
-6.156
-6.135
-6.197
-6.259
-6.290
-6.176
-6.176
-6.176
-6.280
-6.342
-6.249
-6.176
-6.176
-6.207
-6.290
-6.321
-6.228
-6.207
-6.156
-6.280
-6.259
-6.269
-6.218
-6.197
-6.238
-6.290
-6.280
-6.187
-6.176
-6.228
-6.259
-6.321
-6.197
-6.135
-6.187
-6.218
-6.321
-6.259
-6.197
-6.197
-6.218
-6.269
-6.383
-6.228
-6.176
-6.156
-6.238
-6.321
-6.207
-6.197
-6.249
-6.218
-6.280
-6.259
-6.238
-6.145
-6.166
-6.238
-6.301
-6.249
-6.166
-6.166
-6.228
-6.311
-6.269
-6.176
-6.156
-6.145
-6.197
-6.332
-6.197
-6.176
-6.187
-6.249
-6.301
-6.249
-6.166
-6.166
-6.228
-6.363
-6.228
-6.197
-6.176
-6.156
-6.269
-6.321
-6.249
-6.166
-6.197
-6.207
-6.290
-6.290
-6.187
-6.156
-6.145
-6.228
-6.259
-6.269
-6.176
-6.124
-6.176
-6.269
-6.259
-6.176
-6.156
-6.197
-6.218
-6.052
-6.238
-6.145
-6.124
-6.218
-6.311
-6.259
-6.187
-6.156
-6.197
-6.176
-6.301
-6.218
-6.156
-6.166
-6.218
-6.311
-6.383
-6.197
-6.176
-6.238
-6.342
-6.290
-6.197
-6.176
-6.207
-6.249
-6.301
-6.228
-6.187
-6.156
-6.238
-6.321
-6.238
-6.207
-6.135
-6.218
-6.290
-6.342
-6.228
-6.176
-6.176
-6.238
-6.342
-6.207
-6.207
-6.187
-6.228
-6.238
-6.435
-6.259
-6.156
-6.187
-6.269
-6.311
-6.249
-6.176
-6.166
-6.228
-6.218
-6.269
-6.187
-6.114
-6.218
-6.249
-6.311
-6.176
-6.156
-6.166
-6.176
-6.383
-6.259
-6.207
-6.156
-6.166
-6.290
-6.321
-6.238
-6.156
-6.145
-6.187
-6.238
-6.238
-6.156
-6.104
-6.176
-6.228
-6.021
-6.176
-6.176
-6.156
-6.207
-6.249
-6.259
-6.145
-6.156
-6.197
-6.249
-6.249
-6.187
-6.218
-6.135
-6.218
-6.249
-6.249
-6.135
-6.166
-6.238
-6.321
-6.280
-6.156
-6.104
-6.166
-6.238
-6.290
-6.207
-6.156
-6.156
-6.187
-6.280
-6.228
-6.187
-6.145
-6.207
-6.238
-6.332
-6.176
-6.145
-6.135
-6.197
-6.249
-6.259
-6.176
-6.124
-6.052
-6.228
-6.311
-6.083
-5.948
-6.166
-6.166
-6.259
-6.238
-6.166
-6.124
-6.166
-6.218
-6.280
-6.207
-6.176
-6.135
-6.207
-6.238
-6.301
-6.145
-6.104
-6.197
-6.228
-6.269
-6.187
-6.135
-6.145
-6.207
-6.269
-6.228
-6.114
-6.197
-6.124
-6.249
-6.249
-6.166
-6.156
-6.135
-6.197
-6.269
-6.218
-6.135
-5.948
-6.301
-6.249
-6.197
-6.197
-6.156
-6.187
-6.166
-6.321
-6.187
-6.124
-6.114
-6.280
-6.228
-6.249
-6.073
-6.114
-6.156
-6.187
-6.197
-6.166
-6.135
-6.093
-6.218
-6.269
-6.156
-6.145
-6.093
-6.114
-6.166
-6.238
-6.124
-6.145
-6.052
-6.197
-6.000
-6.259
-6.135
-6.135
-6.166
-6.156
-6.352
-6.218
-6.124
-6.104
-6.145
-6.218
-6.280
-6.124
-5.948
-6.166
-6.187
-6.280
-6.218
-6.197
-6.104
-6.187
-6.218
-6.259
-6.156
-6.114
-6.062
-6.187
-6.259
-6.228
-6.207
-6.073
-6.187
-6.238
-6.301
-6.166
-6.104
-6.124
-6.207
-6.238
-6.228
-6.083
-6.156
-6.124
-6.166
-6.290
-6.197
-5.990
-6.135
-6.197
-6.280
-6.238
-6.124
-6.156
-6.187
-6.280
-6.290
-6.218
-6.176
-6.228
-6.290
-6.311
-6.280
-6.280
-6.290
-6.301
-6.383
-6.373
-6.269
-6.269
-6.311
-6.373
-6.466
-6.301
-6.363
-6.332
-6.383
-6.446
-6.342
-6.352
-6.332
-6.425
-6.487
-6.404
-6.342
-6.342
-6.404
-6.539
-6.342
-6.332
-6.394
-6.446
-6.528
-6.404
-6.383
-6.363
-6.425
-6.528
-6.466
-6.404
-6.249
-6.425
-6.580
-6.518
-6.466
-6.259
-6.466
-6.570
-6.570
-6.497
-6.497
-6.539
-6.622
-6.559
-6.601
-6.518
-6.570
-6.673
-6.528
-6.539
-6.559
-6.611
-6.663
-6.632
-6.539
-6.539
-6.622
-6.694
-6.611
-6.539
-6.684
-6.663
-6.715
-6.580
-6.497
-6.642
-6.673
-6.694
-6.622
-6.611
-6.642
-6.642
-6.704
-6.611
-6.580
-6.622
-6.767
-6.725
-6.549
-6.601
-6.694
-6.777
-6.684
-6.653
-6.684
-6.767
-6.767
-6.684
-6.653
-6.704
-6.736
-6.798
-6.715
-6.611
-6.694
-6.798
-6.798
-6.642
-6.725
-6.798
-6.860
-6.746
-6.673
-6.756
-6.829
-6.746
-6.725
-6.642
-6.767
-6.870
-6.756
-6.746
-6.715
-6.839
-6.891
-6.798
-6.756
-6.808
-6.663
-6.860
-6.767
-6.767
-6.849
-6.932
-6.798
-6.704
-6.767
-6.870
-6.829
-6.756
-6.777
-6.829
-6.922
-6.870
-6.798
-6.829
-6.891
-6.849
-6.849
-6.829
-6.808
-6.953
-6.922
-6.808
-6.829
-6.912
-6.994
-6.829
-6.839
-6.798
-7.119
-6.932
-6.922
-6.953
-6.891
-6.932
-6.912
-6.870
-6.818
-6.932
-6.932
-6.839
-6.818
-6.849
-6.860
-6.901
-6.881
-6.860
-6.839
-6.870
-6.756
-6.725
-6.808
-6.860
-6.829
-6.756
-6.736
-6.839
-6.860
-6.808
-6.673
-6.736
-6.829
-6.767
-6.694
-6.694
-6.725
-6.808
-6.736
-6.446
-6.653
-6.684
-6.829
-6.725
-6.684
-6.663
-6.684
-6.725
-6.746
-6.559
-6.508
-6.673
-6.756
-6.642
-6.591
-6.601
-6.684
-6.736
-6.580
-6.539
-6.591
-6.684
-6.653
-6.425
-6.591
-6.694
-6.704
-6.663
-6.570
-6.549
-6.570
-6.653
-6.622
-6.528
-6.528
-6.559
-6.611
-6.559
-6.487
-6.487
-6.622
-6.642
-6.559
-6.518
-6.487
-6.528
-6.601
-6.559
-6.487
-6.497
-6.559
-6.559
-6.466
-6.435
-6.394
-6.497
-6.549
-6.497
-6.414
-6.383
-6.301
-6.477
-6.487
-6.342
-6.332
-6.332
-6.383
-6.466
-6.425
-6.352
-6.466
-6.446
-6.497
-6.290
-6.332
-6.363
-6.383
-6.487
-6.269
-6.321
-6.332
-6.414
-6.414
-6.383
-6.321
-6.332
-6.342
-6.332
-6.425
-6.332
-6.301
-6.332
-6.404
-6.591
-6.301
-6.280
-6.311
-6.342
-6.342
-6.352
-6.352
-6.280
-6.363
-6.435
-6.363
-6.290
-6.280
-6.332
-6.332
-6.394
-6.269
-6.301
-6.259
-6.332
-6.414
-6.249
-6.280
-6.280
-6.311
-6.425
-6.342
-6.280
-6.290
-6.321
-6.435
-6.363
-6.290
-6.249
-6.301
-6.373
-6.290
-6.269
-6.249
-6.342
-6.383
-6.394
-6.301
-6.249
-6.207
-6.446
-6.394
-6.290
-6.280
-6.124
-6.311
-6.342
-6.363
-6.280
-6.031
-6.249
-6.321
-6.187
-6.280
-6.207
-6.238
-6.290
-6.446
-6.301
-6.259
-6.207
-6.187
-6.342
-6.321
-6.238
-6.218
-6.269
-6.311
-6.363
-6.259
-6.228
-6.197
-6.414
-6.435
-6.363
-6.176
-6.156
-6.290
-6.518
-6.425
-6.259
-6.218
-6.259
-6.352
-6.394
-6.280
-6.135
-6.301
-6.332
-6.446
-6.352
-6.228
-6.249
-6.321
-6.383
-6.352
-6.073
-6.228
-6.456
-6.342
-6.414
-6.373
-6.218
-6.218
-6.383
-6.321
-6.238
-6.187
-6.207
-6.280
-6.238
-6.301
-6.228
-6.197
-6.249
-6.332
-6.394
-6.228
-6.301
-6.259
-6.280
-6.352
-6.280
-6.187
-6.218
-6.269
-6.342
-6.332
-6.404
-6.156
-6.218
-6.269
-6.342
-6.269
-6.249
-6.218
-6.290
-6.352
-6.249
-6.218
-6.197
-6.249
-6.321
-6.363
-6.238
-6.197
-6.176
-6.342
-6.321
-6.280
-6.207
-6.249
-6.249
-6.301
-6.404
-6.197
-6.176
-6.228
-6.259
-6.321
-6.238
-6.145
-6.259
-6.238
-6.352
-6.259
-6.218
-6.228
-6.228
-6.301
-6.290
-6.187
-6.290
-6.145
-6.301
-6.301
-6.290
-6.280
-6.259
-6.332
-6.290
-6.238
-6.218
-6.156
-6.249
-6.301
-6.332
-6.249
-6.197
-6.197
-6.466
-6.373
-6.301
-6.238
-6.259
-6.280
-6.352
-6.321
-6.228
-5.948
-6.249
-6.280
-6.145
-6.269
-6.187
-6.197
-6.311
-6.352
-6.280
-6.135
-6.197
-6.249
-6.352
-6.363
-6.207
-6.207
-6.321
-6.218
-6.332
-6.218
-6.176
-6.238
-6.280
-6.342
-6.197
-6.062
-6.187
-6.207
-6.342
-6.311
-6.073
-6.176
-6.187
-6.207
-6.301
-6.280
-6.176
-6.197
-6.218
-6.269
-6.249
-6.166
-5.959
-6.280
-6.269
-6.280
-6.218
-6.187
-6.145
-6.218
-6.311
-6.249
-6.218
-6.104
-6.145
-6.228
-6.114
-6.124
-6.156
-6.156
-6.218
-6.259
-6.321
-6.156
-6.156
-6.269
-6.332
-6.301
-6.238
-6.104
-6.207
-6.176
-6.269
-6.176
-6.145
-6.104
-6.197
-6.197
-6.238
-6.145
-6.114
-6.166
-6.187
-6.342
-6.290
-6.124
-6.093
-6.114
-6.228
-6.197
-6.124
-6.093
-6.145
-6.166
-6.238
-6.135
-6.156
-6.083
-6.083
-6.166
-6.218
-6.156
-6.073
-6.135
-6.145
-6.218
-5.990
-6.114
-6.073
-6.104
-6.187
-6.187
-6.166
-6.124
-6.052
-6.197
-6.238
-6.166
-6.083
-6.073
-6.073
-6.187
-6.290
-6.104
-6.104
-5.990
-6.073
-6.166
-6.176
-6.031
-5.980
-6.073
-5.897
-6.218
-6.145
-5.980
-6.135
-6.114
-6.114
-6.187
-6.073
-6.000
-6.062
-6.042
-6.093
-6.269
-6.104
-6.042
-5.969
-6.083
-6.176
-6.021
-6.000
-6.021
-6.197
-6.104
-6.166
-6.073
-5.990
-6.083
-6.073
-6.145
-6.176
-6.011
-6.021
-6.052
-6.083
-6.156
-6.083
-6.000
-5.876
-6.145
-6.166
-6.156
-6.124
-6.011
-6.042
-6.114
-6.124
-6.145
-6.093
-6.073
-6.104
-6.135
-5.969
-6.156
-6.228
-6.021
-6.093
-6.259
-6.207
-6.124
-6.052
-6.145
-6.135
-6.207
-6.073
-6.062
-6.042
-6.114
-6.207
-6.187
-6.062
-6.042
-6.124
-6.176
-6.228
-6.176
-6.052
-6.083
-6.124
-6.145
-6.269
-6.093
-6.145
-6.052
-6.156
-6.197
-6.135
-6.145
-5.907
-6.124
-6.207
-6.228
-6.135
-6.145
-6.104
-6.124
-6.197
-6.218
-6.228
-6.042
-6.156
-6.145
-6.249
-6.135
-6.062
-6.062
-6.124
-6.238
-6.135
-6.156
-6.042
-6.042
-6.207
-6.176
-6.218
-6.052
-6.052
-6.176
-6.187
-6.207
-6.093
-6.083
-6.114
-5.959
-6.269
-6.145
-6.021
-6.145
-6.114
-6.259
-6.218
-5.959
-6.187
-6.114
-6.197
-6.259
-6.187
-6.145
-6.114
-6.156
-6.269
-6.218
-6.166
-6.145
-6.145
-6.156
-6.280
-6.249
-6.124
-6.083
-6.145
-6.249
-6.238
-6.135
-5.897
-6.197
-6.218
-6.187
-6.238
-6.187
-6.124
-6.238
-6.363
-6.228
-6.176
-6.104
-6.135
-6.207
-6.187
-6.197
-6.093
-6.021
-6.238
-6.207
-6.187
-6.124
-6.124
-6.062
-6.166
-6.311
-6.145
-6.124
-6.135
-6.135
-6.280
-6.228
-6.114
-6.176
-6.124
-6.156
-6.259
-6.259
-6.083
-6.114
-6.197
-6.197
-6.207
-6.145
-6.156
-6.156
-6.207
-6.290
-6.166
-6.093
-6.104
-6.135
-6.280
-6.187
-6.156
-6.093
-6.135
-6.207
-6.145
-6.207
-6.083
-6.166
-6.301
-6.197
-6.249
-6.135
-6.114
-6.124
-6.259
-6.052
-6.135
-6.124
-6.114
-5.990
-6.249
-6.197
-6.156
-6.145
-6.062
-6.187
-6.249
-6.156
-6.114
-6.104
-5.907
-6.301
-6.249
-6.124
-6.145
-6.156
-6.166
-6.301
-6.104
-6.093
-6.093
-6.093
-6.238
-6.259
-6.145
-6.093
-6.166
-6.166
-6.218
-6.321
-6.083
-6.187
-5.876
-6.176
-6.259
-6.093
-6.114
-6.093
-6.093
-6.228
-6.187
-6.052
-6.083
-6.062
-6.218
-6.207
-6.176
-6.114
-6.042
-6.156
-6.187
-6.187
-6.156
-6.093
-6.197
-6.218
-6.197
-6.187
-6.104
-6.176
-6.124
-6.238
-6.218
-6.135
-6.124
-6.114
-6.228
-6.280
-6.145
-6.124
-6.104
-6.114
-6.228
-6.218
-6.135
-6.104
-6.124
-6.104
-6.425
-6.145
-6.083
-6.104
-6.166
-6.207
-6.259
-6.156
-6.031
-6.083
-6.145
-6.301
-6.207
-6.114
-6.104
-6.166
-6.145
-6.218
-6.124
-6.124
-6.104
-6.145
-6.218
-6.104
-6.135
-6.073
-5.917
-6.124
-6.238
-6.145
-6.021
-6.031
-6.145
-6.197
-6.176
-6.114
-6.042
-6.052
-6.145
-6.197
-6.135
-6.083
-6.062
-6.114
-6.311
-6.228
-6.093
-6.052
-6.135
-6.093
-6.228
-6.187
-6.031
-6.073
-6.187
-6.207
-6.218
-6.114
-6.083
-6.093
-6.124
-6.207
-6.156
-6.114
-6.083
-6.104
-6.187
-6.176
-6.166
-6.093
-6.176
-6.093
-6.207
-6.166
-6.052
-6.124
-6.093
-6.135
-6.228
-6.052
-6.052
-6.083
-6.114
-6.218
-6.197
-6.124
-6.083
-6.062
-6.124
-6.187
-6.187
-6.052
-6.093
-6.104
-6.124
-6.228
-6.114
-6.042
-6.052
-6.207
-6.187
-6.093
-6.114
-6.021
-6.083
-6.114
-6.166
-6.104
-6.052
-6.000
-6.093
-6.218
-6.124
-6.124
-6.011
-6.000
-6.083
-6.176
-6.052
-6.083
-6.031
-6.031
-6.135
-6.207
-6.021
-6.011
-6.000
-6.073
-6.176
-6.073
-6.042
-6.021
-5.990
-6.093
-6.187
-6.124
-6.062
-6.042
-6.052
-6.073
-6.176
-6.083
-6.052
-6.052
-6.021
-6.166
-6.156
-6.083
-6.052
-6.062
-6.073
-6.218
-6.124
-5.969
-6.042
-6.011
-6.124
-6.197
-6.145
-6.156
-5.980
-6.000
-6.166
-6.104
-5.990
-6.156
-6.042
-6.124
-6.114
-5.969
-6.021
-6.021
-6.104
-6.124
-6.280
-6.042
-5.969
-5.990
-6.073
-6.156
-6.104
-6.011
-6.000
-5.980
-6.104
-6.197
-6.083
-6.000
-6.042
-5.928
-6.031
-6.124
-6.042
-5.980
-5.969
-6.000
-6.135
-6.135
-5.990
-6.021
-6.000
-6.021
-6.124
-6.083
-6.062
-5.866
-6.021
-6.011
-6.083
-6.021
-5.948
-5.969
-6.011
-6.062
-6.145
-5.928
-5.980
-5.938
-5.721
-5.980
-6.062
-5.990
-5.969
-6.000
-6.000
-6.021
-6.062
-5.980
-5.980
-6.052
-6.052
-6.062
-6.021
-5.948
-5.855
-5.928
-5.990
-6.114
-6.073
-5.928
-5.969
-6.011
-6.083
-6.083
-6.052
-5.969
-5.917
-5.990
-6.197
-6.021
-6.021
-5.907
-5.959
-6.031
-6.021
-6.052
-6.011
-5.938
-5.938
-5.969
-6.083
-6.011
-5.948
-5.907
-5.803
-6.062
-6.062
-5.969
-5.928
-5.938
-5.990
-6.062
-6.073
-6.011
-5.917
-5.948
-5.980
-6.042
-6.073
-6.011
-5.938
-5.969
-5.948
-6.031
-6.104
-5.969
-5.928
-5.866
-6.062
-6.062
-6.083
-6.011
-5.969
-6.021
-6.052
-6.073
-6.052
-5.990
-5.959
-6.011
-6.062
-6.114
-5.990
-6.062
-5.938
-6.011
-6.145
-6.052
-6.011
-5.959
-6.052
-6.011
-6.073
-6.073
-5.948
-5.980
-6.083
-6.042
-6.156
-6.021
-5.980
-5.897
-5.948
-5.959
-6.073
-6.104
-5.948
-5.938
-6.000
-6.042
-6.104
-5.959
-5.917
-6.011
-5.990
-6.021
-6.031
-6.052
-5.762
-5.948
-6.031
-6.083
-6.031
-6.062
-5.980
-6.011
-5.948
-6.052
-6.062
-5.990
-5.938
-5.990
-5.928
-6.073
-6.011
-5.969
-6.021
-6.093
-6.083
-6.083
-6.011
-5.980
-5.969
-6.052
-6.124
-6.062
-5.969
-5.959
-5.990
-6.145
-6.104
-6.042
-6.052
-5.948
-6.031
-6.104
-6.083
-5.969
-6.021
-6.021
-6.052
-6.124
-6.124
-6.031
-6.052
-6.021
-6.093
-6.228
-6.042
-6.011
-6.000
-6.052
-6.197
-6.124
-6.052
-6.042
-6.104
-6.166
-6.156
-6.104
-6.073
-6.011
-6.042
-6.145
-6.166
-6.124
-6.011
-6.052
-6.124
-6.207
-6.176
-6.114
-5.990
-6.052
-6.176
-6.228
-6.145
-6.073
-6.114
-6.104
-6.176
-6.166
-6.135
-6.031
-6.073
-6.145
-6.218
-6.083
-6.042
-6.114
-6.104
-6.187
-6.238
-6.073
-6.031
-6.083
-6.114
-6.207
-6.156
-6.062
-6.093
-6.207
-6.145
-6.197
-6.207
-6.145
-6.114
-6.176
-6.218
-6.176
-6.073
-6.156
-6.176
-6.321
-6.228
-6.135
-6.124
-6.145
-6.145
-6.197
-6.187
-6.073
-6.062
-6.114
-6.207
-6.228
-6.145
-6.145
-6.114
-6.124
-6.073
-6.290
-6.176
-6.145
-6.073
-5.980
-6.301
-6.145
-6.114
-6.083
-6.114
-6.207
-6.187
-6.145
-6.104
-6.062
-6.104
-6.238
-6.187
-6.073
-6.135
-6.187
-6.187
-6.249
-6.135
-6.062
-6.124
-6.187
-6.290
-6.228
-6.062
-6.156
-6.187
-6.249
-6.176
-6.124
-6.083
-6.166
-6.187
-6.218
-6.156
-6.093
-6.114
-6.145
-6.207
-6.238
-6.124
-6.197
-6.093
-6.135
-6.259
-6.207
-6.166
-6.062
-6.135
-6.238
-6.249
-6.156
-6.156
-6.156
-6.011
-6.228
-6.238
-6.135
-6.187
-6.176
-6.238
-6.352
-6.135
-6.176
-6.156
-6.280
-6.342
-6.269
-6.311
-6.218
-6.238
-6.363
-6.332
-6.249
-6.207
-6.228
-6.280
-6.290
-6.238
-6.207
-6.187
-6.228
-6.301
-6.259
-6.093
-6.218
-6.031
-6.394
-6.269
-6.259
-6.218
-6.228
-6.342
-6.373
-6.269
-6.238
-6.228
-6.290
-6.383
-6.352
-6.342
-6.363
-6.342
-6.383
-6.342
-6.311
-6.259
-6.321
-6.425
-6.404
-6.301
-6.207
-6.176
-6.301
-6.383
-6.373
-6.290
-6.259
-6.383
-6.383
-6.342
-6.280
-6.269
-6.269
-6.404
-6.373
-6.259
-6.052
-6.124
-6.394
-6.414
-6.269
-6.187
-6.301
-6.363
-6.383
-6.280
-6.228
-6.197
-6.301
-6.321
-6.363
-6.456
-6.207
-6.249
-6.352
-6.383
-6.259
-6.238
-6.269
-6.332
-6.342
-6.290
-6.176
-6.197
-6.259
-6.373
-6.332
-6.145
-6.197
-6.249
-6.259
-6.332
-6.228
-5.990
-6.073
-6.259
-6.321
-6.249
-6.207
-6.218
-6.280
-6.352
-6.508
-6.228
-6.176
-6.145
-6.311
-6.404
-6.031
-6.176
-6.207
-6.249
-6.352
-6.290
-6.207
-6.249
-6.435
-6.332
-6.373
-6.207
-6.207
-6.000
-6.280
-6.352
-6.218
-6.238
-6.176
-6.259
-6.332
-6.259
-6.218
-6.238
-6.124
-6.394
-6.394
-6.228
-6.228
-6.156
-6.280
-6.301
-6.280
-6.187
-6.156
-6.207
-6.187
-6.249
-6.228
-6.187
-6.218
-6.290
-6.269
-6.259
-6.197
-6.166
-6.166
-6.352
-6.269
-6.145
-6.187
-6.135
-6.238
-6.332
-6.156
-6.187
-6.197
-6.156
-6.332
-6.280
-6.187
-6.176
-6.166
-6.249
-6.321
-6.197
-6.187
-6.238
-6.249
-6.301
-6.280
-6.124
-6.114
-6.207
-6.363
-6.280
-6.207
-6.145
-6.176
-6.238
-6.311
-6.238
-6.156
-6.114
-6.238
-6.249
-6.259
-6.187
-6.135
-6.176
-6.280
-6.280
-6.228
-6.197
-6.207
-6.187
-6.321
-6.280
-6.176
-6.104
-6.145
-6.259
-6.321
-6.197
-6.166
-6.176
-6.218
-6.301
-6.238
-6.197
-6.062
-6.249
-6.280
-6.238
-6.269
-6.156
-6.228
-6.259
-6.280
-6.301
-6.228
-6.207
-6.249
-6.301
-6.301
-6.228
-6.197
-6.145
-6.290
-6.404
-6.187
-6.156
-6.031
-6.228
-6.321
-6.249
-6.373
-6.197
-6.301
-6.311
-6.311
-6.238
-6.124
-6.104
-6.259
-6.124
-6.290
-5.938
-6.145
-6.176
-6.301
-6.290
-6.218
-6.156
-6.259
-6.342
-6.352
-6.207
-6.176
-6.176
-6.249
-6.352
-6.280
-6.187
-6.228
-6.176
-6.352
-6.321
-6.218
-6.187
-6.218
-6.269
-6.135
-6.280
-6.187
-6.187
-6.124
-6.332
-6.218
-6.207
-6.321
-6.228
-6.342
-6.383
-6.187
-6.176
-6.176
-6.332
-6.383
-6.269
-6.145
-6.207
-6.332
-6.301
-6.280
-6.249
-6.187
-6.042
-6.311
-6.332
-6.290
-6.166
-6.238
-6.280
-6.332
-6.238
-6.197
-6.218
-6.228
-6.062
-6.311
-6.228
-6.218
-6.259
-6.269
-6.352
-6.218
-6.280
-6.259
-6.238
-6.301
-6.269
-6.197
-6.228
-6.280
-6.301
-6.363
-6.280
-6.218
-6.218
-6.446
-6.373
-6.269
-6.280
-6.228
-6.290
-6.404
-6.269
-6.228
-6.269
-6.290
-6.363
-6.342
-6.269
-6.218
-6.280
-6.342
-6.383
-6.218
-6.249
-6.269
-6.280
-6.394
-6.280
-6.197
-6.238
-6.249
-6.373
-6.342
-6.218
-6.187
-6.238
-6.332
-6.332
-6.269
-6.228
-6.259
-5.969
-6.290
-6.238
-6.207
-6.156
-6.197
-6.301
-6.280
-6.249
-6.207
-6.238
-6.218
-6.301
-5.990
-6.187
-6.187
-6.290
-6.342
-6.249
-6.228
-6.197
-6.238
-6.238
-6.280
-6.042
-6.187
-6.166
-6.218
-6.228
-6.290
-6.145
-6.156
-6.156
-6.259
-6.435
-6.228
-6.156
-6.176
-6.187
-6.301
-6.238
-6.145
-6.073
-6.114
-6.280
-6.249
-6.021
-6.135
-6.114
-6.145
-6.280
-6.187
-6.124
-6.114
-6.135
-6.176
-6.259
-6.135
-6.124
-6.104
-6.176
-6.207
-6.166
-6.135
-6.093
-6.104
-6.145
-6.228
-6.083
-6.073
-6.156
-6.290
-6.207
-6.238
-6.114
-6.093
-6.145
-6.145
-6.238
-6.166
-6.093
-6.083
-6.135
-6.135
-6.176
-6.187
-6.114
-6.114
-6.166
-6.187
-6.124
-6.073
-6.073
-6.083
-6.176
-6.187
-6.083
-6.166
-6.083
-6.176
-6.197
-6.145
-6.083
-6.042
-6.073
-6.187
-6.176
-6.145
-6.062
-6.187
-6.093
-6.145
-6.218
-6.104
-6.073
-6.093
-6.062
-6.207
-6.124
-6.073
-6.000
-6.093
-6.238
-6.207
-6.052
-6.104
-6.176
-6.145
-6.228
-6.207
-6.031
-6.145
-6.176
-6.197
-6.218
-6.104
-6.073
-6.124
-6.187
-6.269
-6.011
-5.990
-6.135
-6.218
-6.166
-6.218
-6.104
-6.083
-6.145
-6.114
-6.000
-6.197
-6.093
-6.114
-6.124
-6.197
-6.228
-6.156
-6.104
-6.083
-6.207
-6.228
-6.238
-6.187
-6.135
-6.166
-6.259
-6.228
-6.166
-6.104
-6.114
-6.187
-6.259
-6.176
-6.104
-6.135
-6.156
-6.073
-6.301
-6.114
-6.114
-6.124
-6.207
-6.238
-6.207
-6.104
-6.114
-6.135
-6.197
-6.259
-6.104
-6.114
-6.114
-6.166
-6.156
-6.176
-6.052
-6.124
-6.114
-6.187
-6.218
-6.156
-6.052
-6.021
-6.124
-6.207
-6.166
-6.073
-6.083
-6.104
-6.124
-6.228
-6.135
-6.052
-6.073
-6.166
-6.197
-6.166
-6.062
-6.104
-6.011
-6.104
-6.176
-6.187
-6.114
-6.073
-6.135
-6.187
-6.187
-6.104
-6.124
-6.062
-6.145
-6.187
-6.228
-6.021
-6.031
-6.093
-6.166
-6.228
-6.114
-6.031
-6.052
-6.114
-6.207
-6.176
-6.104
-6.083
-6.083
-6.156
-6.228
-6.124
-6.052
-6.031
-6.166
-6.187
-6.187
-6.114
-6.083
-6.093
-6.135
-6.187
-6.187
-6.124
-6.124
-6.031
-6.114
-6.373
-6.114
-6.114
-6.031
-6.114
-6.218
-6.176
-6.093
-6.083
-6.207
-6.187
-6.249
-6.135
-6.124
-6.104
-6.114
-6.114
-6.249
-6.114
-6.062
-6.073
-6.135
-6.197
-6.145
-6.083
-6.218
-6.093
-6.197
-6.259
-6.145
-6.073
-6.104
-6.166
-6.228
-6.187
-5.907
-6.052
-6.187
-6.290
-6.197
-6.145
-6.083
-6.062
-6.145
-6.249
-6.156
-6.104
-6.166
-6.073
-6.156
-6.218
-6.156
-6.093
-6.062
-6.093
-6.218
-6.197
-6.073
-6.000
-6.114
-6.249
-6.259
-6.187
-6.062
-6.083
-6.083
-6.176
-6.207
-6.114
-6.031
-6.114
-6.156
-6.187
-6.124
-6.083
-6.042
-6.073
-6.197
-6.207
-6.083
-6.052
-6.052
-6.062
-6.176
-6.145
-6.073
-6.021
-6.083
-6.135
-6.207
-6.114
-6.073
-6.031
-6.062
-6.124
-6.176
-6.114
-6.042
-6.031
-6.042
-6.114
-6.104
-6.104
-5.990
-6.042
-6.093
-6.228
-6.083
-6.031
-6.042
-5.835
-6.156
-6.207
-6.238
-6.062
-6.000
-6.093
-6.249
-6.228
-6.124
-6.031
-6.083
-6.135
-6.207
-6.145
-6.062
-6.083
-5.938
-6.228
-6.207
-6.083
-6.052
-6.156
-6.218
-6.259
-6.114
-6.052
-6.104
-6.207
-6.238
-6.218
-6.124
-6.114
-6.104
-6.207
-6.228
-6.114
-6.114
-6.083
-6.124
-6.228
-6.207
-6.166
-6.135
-6.114
-6.187
-6.259
-6.207
-6.156
-6.156
-6.145
-6.238
-6.238
-6.176
-6.156
-6.166
-6.259
-6.280
-6.062
-5.938
-6.124
-6.207
-6.290
-6.259
-6.176
-6.124
-6.187
-6.124
-6.238
-6.145
-6.228
-6.114
-6.207
-6.269
-6.249
-6.166
-6.135
-6.197
-6.228
-6.373
-6.228
-6.166
-6.176
-6.176
-6.269
-6.259
-6.104
-6.135
-6.166
-6.238
-6.280
-6.176
-6.135
-6.104
-6.187
-6.290
-6.187
-6.187
-6.124
-6.114
-6.238
-6.249
-6.187
-6.124
-6.166
-6.197
-6.280
-6.187
-6.104
-6.093
-6.259
-6.218
-6.383
-6.207
-6.114
-6.176
-6.228
-6.301
-6.176
-6.176
-6.124
-6.187
-6.228
-6.259
-6.093
-6.176
-6.187
-6.238
-6.249
-6.145
-6.176
-6.156
-6.145
-6.249
-6.207
-6.238
-6.104
-6.124
-6.176
-6.280
-6.207
-6.114
-6.114
-6.124
-6.207
-6.249
-6.166
-6.073
-6.093
-6.187
-6.249
-6.197
-6.124
-6.114
-6.156
-6.228
-6.207
-6.238
-6.042
-6.104
-6.166
-6.280
-6.187
-6.104
-6.104
-6.145
-6.228
-6.249
-6.176
-6.156
-6.156
-6.197
-6.187
-6.187
-6.187
-6.135
-6.228
-6.259
-6.259
-6.321
-6.176
-6.187
-6.238
-6.280
-6.249
-6.176
-6.156
-6.197
-6.259
-6.332
-6.156
-6.021
-6.197
-6.259
-6.321
-6.238
-6.187
-6.197
-6.280
-6.363
-6.290
-6.228
-6.156
-6.383
-6.352
-6.301
-6.218
-6.187
-6.259
-6.311
-6.373
-6.280
-6.207
-6.249
-6.269
-6.321
-6.332
-6.249
-6.290
-6.280
-6.342
-6.321
-6.228
-6.280
-6.259
-6.228
-6.373
-6.290
-6.238
-6.249
-6.301
-6.383
-6.332
-6.249
-6.238
-6.301
-6.373
-6.332
-6.259
-6.218
-6.259
-6.332
-6.332
-6.259
-6.176
-6.238
-6.280
-6.352
-6.280
-6.259
-6.207
-6.311
-6.383
-6.352
-6.269
-6.238
-6.280
-6.311
-6.363
-6.238
-6.207
-6.228
-6.280
-6.383
-6.352
-6.228
-6.228
-6.228
-6.373
-6.332
-6.332
-6.187
-6.280
-6.332
-6.363
-6.311
-5.959
-6.207
-6.332
-6.497
-6.280
-6.383
-6.238
-6.301
-6.373
-6.425
-6.238
-6.249
-6.280
-6.311
-6.435
-6.249
-6.207
-6.187
-6.394
-6.363
-6.311
-6.218
-6.342
-6.269
-6.352
-6.290
-6.259
-6.135
-6.249
-6.425
-6.363
-6.249
-6.238
-6.207
-6.280
-6.363
-6.280
-6.228
-6.228
-6.301
-6.352
-6.311
-6.218
-6.156
-6.290
-6.363
-6.342
-6.259
-6.197
-6.218
-6.342
-6.373
-6.280
-6.207
-6.238
-6.269
-6.342
-6.280
-6.290
-6.197
-6.321
-6.321
-6.332
-6.207
-6.166
-6.207
-6.290
-6.342
-6.259
-6.197
-6.187
-6.259
-6.373
-6.352
-6.207
-6.187
-6.207
-6.321
-6.363
-6.166
-6.187
-6.197
-6.197
-6.311
-6.259
-6.176
-6.176
-6.269
-6.332
-6.259
-6.187
-6.124
-6.228
-6.301
-6.311
-6.135
-6.145
-6.187
-6.259
-6.301
-6.269
-6.166
-6.207
-6.207
-6.238
-6.269
-6.207
-6.124
-6.166
-6.218
-6.311
-6.238
-6.187
-5.980
-6.187
-6.280
-6.269
-6.187
-6.166
-6.176
-6.238
-6.321
-6.249
-6.197
-6.156
-6.176
-6.249
-6.280
-6.187
-6.135
-6.197
-6.259
-6.332
-6.280
-6.197
-6.156
-6.207
-6.269
-6.280
-6.218
-6.156
-6.228
-6.249
-6.311
-6.207
-6.166
-6.187
-6.259
-6.280
-6.280
-6.249
-6.156
-6.187
-6.269
-6.290
-6.218
-6.176
-6.156
-6.238
-6.301
-6.249
-6.156
-6.156
-6.166
-6.280
-6.290
-6.156
-6.135
-6.176
-6.218
-6.332
-6.332
-6.166
-6.135
-6.197
-6.280
-6.259
-6.135
-6.104
-6.197
-6.249
-6.269
-6.176
-6.135
-6.176
-6.197
-6.321
-6.280
-6.207
-6.114
-6.104
-6.218
-6.269
-6.124
-6.249
-6.124
-6.187
-6.228
-6.249
-6.135
-6.104
-6.093
-6.238
-6.280
-6.176
-6.135
-6.166
-6.197
-6.249
-6.218
-6.166
-6.156
-6.218
-6.052
-6.301
-6.187
-6.156
-6.166
-6.207
-6.290
-6.238
-6.135
-6.124
-6.228
-6.280
-6.290
-6.218
-6.166
-6.000
-6.259
-6.321
-6.259
-6.176
-6.197
-6.228
-6.321
-6.259
-6.187
-6.166
-6.238
-6.249
-6.342
-6.249
-6.187
-6.176
-6.249
-6.321
-6.259
-6.176
-6.218
-6.238
-6.259
-6.259
-6.176
-6.187
-6.207
-6.259
-6.332
-6.197
-6.145
-6.218
-6.197
-6.280
-6.280
-6.197
-6.145
-6.166
-6.280
-6.290
-6.238
-6.145
-6.176
-6.269
-6.290
-6.259
-6.187
-6.280
-6.187
-6.280
-6.321
-6.218
-6.166
-6.218
-6.269
-6.383
-6.249
-6.197
-6.228
-6.228
-6.332
-6.280
-6.218
-6.187
-6.207
-6.290
-6.352
-6.269
-6.238
-6.176
-6.249
-6.301
-6.259
-6.187
-6.156
-6.228
-6.301
-6.197
-6.218
-6.166
-6.187
-6.280
-6.332
-6.249
-6.280
-6.156
-6.218
-6.187
-6.269
-6.166
-6.176
-6.166
-6.238
-6.311
-6.228
-6.145
-6.187
-6.238
-6.301
-6.352
-6.104
-6.156
-6.176
-6.280
-6.301
-6.218
-6.166
-6.166
-6.218
-6.301
-6.238
-6.166
-6.145
-6.207
-6.290
-6.259
-6.187
-6.218
-6.156
-6.218
-6.301
-6.207
-6.176
-6.156
-6.352
-6.290
-6.280
-6.207
-6.114
-6.218
-6.249
-6.114
-6.218
-6.187
-6.000
-6.187
-6.269
-6.238
-6.156
-6.114
-6.135
-6.228
-6.280
-6.124
-5.886
-6.114
-6.145
-6.269
-6.238
-6.156
-6.114
-6.124
-6.197
-6.228
-6.187
-6.021
-6.145
-6.166
-6.187
-6.176
-6.135
-6.114
-6.135
-6.197
-6.259
-6.156
-6.104
-6.083
-6.124
-6.218
-6.197
-6.114
-6.073
-6.124
-6.124
-6.259
-6.176
-6.124
-6.093
-6.104
-6.083
-6.207
-6.124
-6.083
-6.156
-6.156
-6.228
-6.135
-6.073
-5.980
-6.073
-6.207
-6.228
-6.124
-6.104
-6.124
-6.166
-6.249
-6.187
-6.124
-6.093
-6.124
-6.176
-6.290
-6.166
-6.124
-6.104
-6.197
-6.114
-6.187
-6.114
-6.114
-6.135
-6.218
-6.249
-6.166
-6.124
-6.104
-6.156
-6.114
-6.187
-6.124
-6.104
-6.135
-6.311
-6.280
-6.187
-6.104
-6.104
-6.145
-6.290
-6.187
-6.104
-6.062
-6.135
-6.207
-6.259
-6.145
-6.073
-6.104
-6.228
-6.228
-6.218
-6.124
-6.104
-6.104
-6.156
-6.207
-6.166
-6.124
-6.093
-6.135
-6.156
-6.228
-6.124
-6.083
-6.073
-6.166
-6.249
-6.166
-6.083
-6.073
-6.176
-6.207
-6.228
-6.114
-6.073
-6.073
-6.156
-6.249
-6.238
-6.114
-6.104
-6.156
-6.197
-6.249
-6.166
-6.114
-6.124
-6.197
-6.249
-6.218
-6.093
-5.990
-6.176
-6.228
-6.332
-6.176
-6.124
-6.135
-6.311
-6.311
-6.238
-6.166
-6.093
-6.176
-6.124
-6.259
-6.166
-6.124
-6.135
-6.207
-6.280
-6.207
-6.124
-6.114
-6.197
-6.269
-6.042
-6.135
-6.062
-6.156
-6.187
-6.280
-6.156
-6.145
-6.145
-6.207
-6.238
-6.269
-6.166
-6.124
-6.156
-6.197
-6.280
-6.176
-6.145
-6.104
-6.156
-6.218
-6.269
-6.166
-6.207
-6.135
-6.166
-6.342
-6.218
-5.876
-6.104
-6.145
-6.062
-6.259
-6.145
-6.083
-6.073
-6.187
-6.259
-6.187
-6.114
-6.104
-6.114
-6.218
-6.011
-6.135
-6.083
-6.093
-6.156
-6.238
-6.197
-6.135
-6.073
-6.124
-6.187
-6.228
-6.145
-6.135
-6.093
-6.176
-6.207
-6.145
-6.083
-6.093
-6.166
-6.197
-6.228
-5.917
-6.104
-6.114
-6.228
-6.238
-6.156
-6.135
-6.062
-6.093
-6.187
-6.062
-6.124
-6.104
-6.093
-6.135
-6.207
-6.197
-6.124
-6.062
-6.083
-6.197
-6.228
-6.124
-6.073
-6.083
-6.114
-6.187
-6.218
-6.093
-6.052
-6.187
-6.135
-6.249
-6.166
-6.104
-6.083
-6.218
-6.166
-6.156
-6.145
-6.093
-6.187
-6.156
-6.228
-6.187
-6.124
-6.104
-6.145
-6.197
-6.249
-6.135
-6.083
-6.114
-6.187
-6.280
-6.218
-6.166
-6.145
-6.145
-6.238
-6.269
-6.197
-6.124
-6.156
-6.218
-6.280
-6.218
-6.156
-6.135
-6.207
-6.238
-6.269
-6.197
-6.135
-6.176
-6.197
-6.311
-6.238
-6.218
-6.156
-6.207
-6.269
-6.207
-6.176
-6.135
-6.187
-6.218
-6.311
-6.218
-6.197
-6.166
-6.238
-6.311
-6.280
-6.176
-6.135
-6.228
-6.135
-6.301
-6.228
-6.207
-6.145
-6.166
-6.352
-6.259
-6.187
-6.187
-6.238
-6.342
-6.321
-6.187
-6.187
-6.187
-6.290
-6.352
-6.249
-6.176
-6.207
-6.269
-6.342
-6.290
-6.228
-6.197
-6.249
-6.332
-6.363
-6.280
-6.187
-6.228
-6.311
-6.238
-6.269
-6.238
-6.218
-6.269
-6.352
-6.311
-6.238
-6.218
-6.238
-6.301
-6.352
-6.249
-6.218
-6.259
-6.373
-6.352
-6.269
-6.218
-6.207
-6.269
-6.321
-6.311
-6.218
-6.218
-6.228
-6.249
-6.352
-6.259
-6.197
-6.218
-6.259
-6.352
-6.301
-6.228
-6.259
-6.269
-6.373
-6.301
-6.249
-6.187
-6.280
-6.342
-6.383
-6.269
-6.259
-6.228
-6.311
-6.363
-6.259
-6.228
-6.228
-6.280
-6.477
-6.363
-6.259
-6.187
-6.249
-6.332
-6.352
-6.280
-6.197
-6.301
-6.280
-6.352
-6.280
-6.207
-6.207
-6.269
-6.280
-6.321
-6.197
-6.031
-6.238
-6.280
-6.332
-6.218
-6.197
-6.218
-6.218
-6.342
-6.280
-6.218
-6.259
-6.259
-6.342
-6.342
-6.228
-6.207
-6.228
-6.321
-6.352
-6.259
-6.156
-6.228
-6.301
-6.342
-6.321
-6.218
-6.228
-6.249
-6.363
-6.352
-6.280
-6.218
-6.269
-6.301
-6.342
-6.269
-6.218
-6.187
-6.238
-6.332
-6.280
-6.228
-6.166
-6.187
-6.249
-6.332
-6.052
-6.083
-6.124
-6.218
-6.321
-6.238
-6.145
-6.156
-6.156
-6.249
-6.321
-6.166
-6.156
-6.176
-6.218
-6.301
-6.218
-6.135
-6.135
-6.166
-6.249
-6.269
-6.259
-6.124
-6.156
-6.218
-6.290
-6.187
-6.156
-6.104
-6.156
-6.259
